0 2.07925 2.07925 2 1 
0.0179777 2.07185 2.07185 1 1 
0.0278641 2.06777 2.06777 1 1 
0.038738 2.06328 2.06328 1 1 
0.0506975 2.05832 2.05832 1 1 
0.0638505 2.05286 2.05286 1 1 
0.0783152 2.04682 2.04682 1 1 
0.0927755 2.04077 2.04077 1 1 
0.107231 2.03469 2.03469 1 1 
0.121681 2.02859 2.02859 1 1 
0.136124 2.02246 2.02246 1 1 
0.15056 2.01631 2.01631 1 1 
0.164988 2.01012 2.01012 1 1 
0.179408 2.00391 2.00391 1 1 
0.193818 1.99767 1.99767 1 1 
0.208218 1.99139 1.99139 1 1 
0.222607 1.98508 1.98508 1 1 
0.236984 1.97873 1.97873 1 1 
0.251348 1.97235 1.97235 1 1 
0.265698 1.96592 1.96592 1 1 
0.280033 1.95945 1.95945 1 1 
0.294352 1.95295 1.95295 1 1 
0.308654 1.94639 1.94639 1 1 
0.322937 1.93979 1.93979 1 1 
0.337202 1.93314 1.93314 1 1 
0.351445 1.92644 1.92644 1 1 
0.365667 1.91969 1.91969 1 1 
0.379865 1.91288 1.91288 1 1 
0.394039 1.90601 1.90601 1 1 
0.408187 1.89909 1.89909 1 1 
0.422306 1.8921 1.8921 1 1 
0.436397 1.88505 1.88505 1 1 
0.450456 1.87793 1.87793 1 1 
0.464482 1.87074 1.87074 1 1 
0.478473 1.86348 1.86348 1 1 
0.492428 1.85615 1.85615 1 1 
0.506343 1.84874 1.84874 1 1 
0.520218 1.84124 1.84124 1 1 
0.534049 1.83367 1.83367 1 1 
0.547833 1.82601 1.82601 1 1 
0.56157 1.81825 1.81825 1 1 
0.575254 1.81041 1.81041 1 1 
0.588885 1.80247 1.80247 1 1 
0.602458 1.79442 1.79442 1 1 
0.61597 1.78628 1.78628 1 1 
0.629418 1.77802 1.77802 1 1 
0.642798 1.76966 1.76966 1 1 
0.656107 1.76118 1.76118 1 1 
0.669339 1.75258 1.75258 1 1 
0.68249 1.74386 1.74386 1 1 
0.695556 1.735 1.735 1 1 
0.708531 1.72602 1.72602 1 1 
0.714983 1.72148 1.72148 1 1 
0.72141 1.7169 1.7169 1 1 
0.727812 1.71228 1.71228 1 1 
0.734188 1.70763 1.70763 1 1 
0.740537 1.70295 1.70295 1 1 
0.746857 1.69822 1.69822 1 1 
0.75315 1.69346 1.69346 1 1 
0.759412 1.68866 1.68866 1 1 
0.765645 1.68382 1.68382 1 1 
0.771846 1.67894 1.67894 1 1 
0.778014 1.67402 1.67402 1 1 
0.784149 1.66905 1.66905 1 1 
0.79025 1.66405 1.66405 1 1 
0.796316 1.659 1.659 1 1 
0.802345 1.65391 1.65391 1 1 
0.808336 1.64878 1.64878 1 1 
0.814289 1.6436 1.6436 1 1 
0.820202 1.63838 1.63838 1 1 
0.826073 1.63311 1.63311 1 1 
0.831901 1.62779 1.62779 1 1 
0.837686 1.62242 1.62242 1 1 
0.843425 1.61701 1.61701 1 1 
0.849118 1.61155 1.61155 1 1 
0.854762 1.60604 1.60604 1 1 
0.860356 1.60048 1.60048 1 1 
0.8659 1.59486 1.59486 1 1 
0.871389 1.5892 1.5892 1 1 
0.876825 1.58348 1.58348 1 1 
0.879521 1.58061 1.58061 1 1 
0.882204 1.57771 1.57771 1 1 
0.884871 1.57481 1.57481 1 1 
0.887524 1.57189 1.57189 1 1 
0.890162 1.56896 1.56896 1 1 
0.892784 1.56602 1.56602 1 1 
0.895391 1.56306 1.56306 1 1 
0.897983 1.56009 1.56009 1 1 
0.900558 1.5571 1.5571 1 1 
0.903117 1.5541 1.5541 1 1 
0.90566 1.55109 1.55109 1 1 
0.908185 1.54806 1.54806 1 1 
0.910694 1.54502 1.54502 1 1 
0.913186 1.54196 1.54196 1 1 
0.91566 1.53889 1.53889 1 1 
0.918116 1.53581 1.53581 1 1 
0.920554 1.53271 1.53271 1 1 
0.922973 1.5296 1.5296 1 1 
0.925374 1.52647 1.52647 1 1 
0.927756 1.52333 1.52333 1 1 
0.930119 1.52017 1.52017 1 1 
0.932463 1.517 1.517 1 1 
0.934786 1.51382 1.51382 1 1 
0.937089 1.51062 1.51062 1 1 
0.939372 1.50741 1.50741 1 1 
0.941635 1.50418 1.50418 1 1 
0.943876 1.50093 1.50093 1 1 
0.946096 1.49768 1.49768 1 1 
0.948294 1.49441 1.49441 1 1 
0.95047 1.49112 1.49112 1 1 
0.952624 1.48782 1.48782 1 1 
0.954755 1.4845 1.4845 1 1 
0.956864 1.48117 1.48117 1 1 
0.958949 1.47783 1.47783 1 1 
0.961011 1.47447 1.47447 1 1 
0.963048 1.4711 1.4711 1 1 
0.965062 1.46771 1.46771 1 1 
0.967051 1.4643 1.4643 1 1 
0.969015 1.46089 1.46089 1 1 
0.970953 1.45746 1.45746 1 1 
0.972867 1.45401 1.45401 1 1 
0.974754 1.45055 1.45055 1 1 
0.976615 1.44708 1.44708 1 1 
0.97845 1.44359 1.44359 1 1 
0.980257 1.44009 1.44009 1 1 
0.982038 1.43657 1.43657 1 1 
0.983791 1.43304 1.43304 1 1 
0.985515 1.4295 1.4295 1 1 
0.987212 1.42594 1.42594 1 1 
0.98888 1.42237 1.42237 1 1 
0.990519 1.41878 1.41878 1 1 
0.991328 1.41699 1.41699 1 1 
0.992129 1.41519 1.41519 1 1 
0.992923 1.41338 1.41338 1 1 
0.99371 1.41158 1.41158 1 1 
0.994489 1.40977 1.40977 1 1 
0.99526 1.40795 1.40795 1 1 
0.996024 1.40614 1.40614 1 1 
0.996781 1.40432 1.40432 1 1 
0.99753 1.40249 1.40249 1 1 
0.998271 1.40067 1.40067 1 1 
0.999004 1.39884 1.39884 1 1 
0.99973 1.39701 1.39701 1 1 
1.00045 1.39517 1.39517 1 1 
1.00116 1.39333 1.39333 1 1 
1.00186 1.39149 1.39149 1 1 
1.00255 1.38965 1.38965 1 1 
1.00324 1.3878 1.3878 1 1 
1.00392 1.38595 1.38595 1 1 
1.00459 1.38409 1.38409 1 1 
1.00525 1.38224 1.38224 1 1 
1.00591 1.38038 1.38038 1 1 
1.00655 1.37852 1.37852 1 1 
1.00719 1.37665 1.37665 1 1 
1.00782 1.37478 1.37478 1 1 
1.00844 1.37291 1.37291 1 1 
1.00906 1.37104 1.37104 1 1 
1.00966 1.36917 1.36917 1 1 
1.01026 1.36729 1.36729 1 1 
1.01085 1.36541 1.36541 1 1 
1.01143 1.36352 1.36352 1 1 
1.012 1.36163 1.36163 1 1 
1.01256 1.35975 1.35975 1 1 
1.01312 1.35785 1.35785 1 1 
1.01366 1.35596 1.35596 1 1 
1.0142 1.35406 1.35406 1 1 
1.01473 1.35216 1.35216 1 1 
1.01525 1.35026 1.35026 1 1 
1.01576 1.34836 1.34836 1 1 
1.01626 1.34645 1.34645 1 1 
1.01676 1.34454 1.34454 1 1 
1.01724 1.34263 1.34263 1 1 
1.01772 1.34072 1.34072 1 1 
1.01819 1.3388 1.3388 1 1 
1.01865 1.33689 1.33689 1 1 
1.0191 1.33497 1.33497 1 1 
1.01954 1.33305 1.33305 1 1 
1.01998 1.33112 1.33112 1 1 
1.0204 1.3292 1.3292 1 1 
1.02082 1.32727 1.32727 1 1 
1.02122 1.32534 1.32534 1 1 
1.02162 1.32341 1.32341 1 1 
1.02201 1.32147 1.32147 1 1 
1.02239 1.31954 1.31954 1 1 
1.02276 1.3176 1.3176 1 1 
1.02312 1.31566 1.31566 1 1 
1.02347 1.31372 1.31372 1 1 
1.02382 1.31178 1.31178 1 1 
1.02415 1.30983 1.30983 1 1 
1.02448 1.30789 1.30789 1 1 
1.02479 1.30594 1.30594 1 1 
1.0251 1.30399 1.30399 1 1 
1.0254 1.30204 1.30204 1 1 
1.02569 1.30009 1.30009 1 1 
1.02597 1.29814 1.29814 1 1 
1.02624 1.29618 1.29618 1 1 
1.0265 1.29423 1.29423 1 1 
1.02675 1.29227 1.29227 1 1 
1.027 1.29031 1.29031 1 1 
1.02723 1.28835 1.28835 1 1 
1.02745 1.28639 1.28639 1 1 
1.02767 1.28443 1.28443 1 1 
1.02788 1.28247 1.28247 1 1 
1.02807 1.28051 1.28051 1 1 
1.02826 1.27854 1.27854 1 1 
1.02844 1.27657 1.27657 1 1 
1.02861 1.27461 1.27461 1 1 
1.02877 1.27264 1.27264 1 1 
1.02892 1.27067 1.27067 1 1 
1.02907 1.2687 1.2687 1 1 
1.0292 1.26673 1.26673 1 1 
1.02932 1.26476 1.26476 1 1 
1.02944 1.26279 1.26279 1 1 
1.02954 1.26082 1.26082 1 1 
1.02964 1.25885 1.25885 1 1 
1.02973 1.25688 1.25688 1 1 
1.0298 1.2549 1.2549 1 1 
1.02987 1.25293 1.25293 1 1 
1.02993 1.25096 1.25096 1 1 
1.02998 1.24898 1.24898 1 1 
1.03002 1.24701 1.24701 1 1 
1.03005 1.24503 1.24503 1 1 
1.03008 1.24306 1.24306 1 1 
1.03009 1.24108 1.24108 1 1 
1.0301 1.23911 1.23911 1 1 
1.03009 1.23713 1.23713 1 1 
1.03008 1.23515 1.23515 1 1 
1.03005 1.23318 1.23318 1 1 
1.03002 1.2312 1.2312 1 1 
1.02998 1.22923 1.22923 1 1 
1.02993 1.22725 1.22725 1 1 
1.02987 1.22528 1.22528 1 1 
1.0298 1.2233 1.2233 1 1 
1.02973 1.22133 1.22133 1 1 
1.02964 1.21935 1.21935 1 1 
1.02955 1.21738 1.21738 1 1 
1.02944 1.2154 1.2154 1 1 
1.02933 1.21343 1.21343 1 1 
1.02921 1.21146 1.21146 1 1 
1.02911 1.20998 1.20998 2 1 
1.02904 1.209 1.209 2 1 
1.02897 1.20791 1.20791 2 1 
1.02889 1.20683 1.20683 2 1 
1.02881 1.20574 1.20574 2 1 
1.02872 1.20466 1.20466 2 1 
1.02863 1.20358 1.20358 2 1 
1.02854 1.20249 1.20249 2 1 
1.02845 1.20141 1.20141 2 1 
1.02836 1.20033 1.20033 2 1 
1.02826 1.19924 1.19924 2 1 
1.02816 1.19816 1.19816 2 1 
1.02805 1.19708 1.19708 2 1 
1.02795 1.19599 1.19599 2 1 
1.02784 1.19491 1.19491 2 1 
1.02773 1.19383 1.19383 2 1 
1.02761 1.19275 1.19275 2 1 
1.0275 1.19167 1.19167 2 1 
1.02738 1.19059 1.19059 2 1 
1.02726 1.1895 1.1895 2 1 
1.02713 1.18842 1.18842 2 1 
1.02701 1.18734 1.18734 2 1 
1.02688 1.18626 1.18626 2 1 
1.02675 1.18518 1.18518 2 1 
1.02661 1.1841 1.1841 2 1 
1.02647 1.18302 1.18302 2 1 
1.02633 1.18194 1.18194 2 1 
1.02619 1.18087 1.18087 2 1 
1.02605 1.17979 1.17979 2 1 
1.0259 1.17871 1.17871 2 1 
1.02575 1.17763 1.17763 2 1 
1.0256 1.17655 1.17655 2 1 
1.02544 1.17548 1.17548 2 1 
1.02528 1.1744 1.1744 2 1 
1.02512 1.17332 1.17332 2 1 
1.02496 1.17225 1.17225 2 1 
1.0248 1.17117 1.17117 2 1 
1.02463 1.1701 1.1701 2 1 
1.02446 1.16902 1.16902 2 1 
1.02428 1.16795 1.16795 2 1 
1.02411 1.16687 1.16687 2 1 
1.02393 1.1658 1.1658 2 1 
1.02375 1.16472 1.16472 2 1 
1.02357 1.16365 1.16365 2 1 
1.02338 1.16258 1.16258 2 1 
1.0232 1.16151 1.16151 2 1 
1.023 1.16043 1.16043 2 1 
1.02281 1.15936 1.15936 2 1 
1.02262 1.15829 1.15829 2 1 
1.02242 1.15722 1.15722 2 1 
1.02222 1.15615 1.15615 2 1 
1.02202 1.15508 1.15508 2 1 
1.02181 1.15401 1.15401 2 1 
1.0216 1.15294 1.15294 2 1 
1.02139 1.15187 1.15187 2 1 
1.02118 1.15081 1.15081 2 1 
1.02097 1.14974 1.14974 2 1 
1.02075 1.14867 1.14867 2 1 
1.02053 1.1476 1.1476 2 1 
1.02031 1.14654 1.14654 2 1 
1.02008 1.14547 1.14547 2 1 
1.01986 1.14441 1.14441 2 1 
1.01963 1.14334 1.14334 2 1 
1.0194 1.14228 1.14228 2 1 
1.01916 1.14121 1.14121 2 1 
1.01893 1.14015 1.14015 2 1 
1.01869 1.13909 1.13909 2 1 
1.01845 1.13802 1.13802 2 1 
1.0182 1.13696 1.13696 2 1 
1.01796 1.1359 1.1359 2 1 
1.01771 1.13484 1.13484 2 1 
1.01746 1.13378 1.13378 2 1 
1.01721 1.13272 1.13272 2 1 
1.01695 1.13166 1.13166 2 1 
1.0167 1.1306 1.1306 2 1 
1.01644 1.12954 1.12954 2 1 
1.01617 1.12849 1.12849 2 1 
1.01591 1.12743 1.12743 2 1 
1.01564 1.12637 1.12637 2 1 
1.01537 1.12532 1.12532 2 1 
1.0151 1.12426 1.12426 2 1 
1.01483 1.12321 1.12321 2 1 
1.01455 1.12215 1.12215 2 1 
1.01428 1.1211 1.1211 2 1 
1.014 1.12004 1.12004 2 1 
1.01371 1.11899 1.11899 2 1 
1.01343 1.11794 1.11794 2 1 
1.01314 1.11689 1.11689 2 1 
1.01285 1.11584 1.11584 2 1 
1.01256 1.11479 1.11479 2 1 
1.01227 1.11374 1.11374 2 1 
1.01197 1.11269 1.11269 2 1 
1.01168 1.11164 1.11164 2 1 
1.01138 1.11059 1.11059 2 1 
1.01107 1.10954 1.10954 2 1 
1.01077 1.1085 1.1085 2 1 
1.01046 1.10745 1.10745 2 1 
1.01015 1.1064 1.1064 2 1 
1.00984 1.10536 1.10536 2 1 
1.00953 1.10431 1.10431 2 1 
1.00921 1.10327 1.10327 2 1 
1.0089 1.10223 1.10223 2 1 
1.00858 1.10119 1.10119 2 1 
1.00825 1.10014 1.10014 2 1 
1.00793 1.0991 1.0991 2 1 
1.00761 1.09806 1.09806 2 1 
1.00728 1.09702 1.09702 2 1 
1.00695 1.09598 1.09598 2 1 
1.00661 1.09494 1.09494 2 1 
1.00628 1.09391 1.09391 2 1 
1.00594 1.09287 1.09287 2 1 
1.0056 1.09183 1.09183 2 1 
1.00526 1.09079 1.09079 2 1 
1.00492 1.08976 1.08976 2 1 
1.00458 1.08872 1.08872 2 1 
1.00423 1.08769 1.08769 2 1 
1.00388 1.08666 1.08666 2 1 
1.00353 1.08562 1.08562 2 1 
1.00318 1.08459 1.08459 2 1 
1.00282 1.08356 1.08356 2 1 
1.00246 1.08253 1.08253 2 1 
1.00211 1.0815 1.0815 2 1 
1.00174 1.08047 1.08047 2 1 
1.00138 1.07944 1.07944 2 1 
1.00102 1.07841 1.07841 2 1 
1.00065 1.07738 1.07738 2 1 
1.00028 1.07636 1.07636 2 1 
0.999908 1.07533 1.07533 2 1 
0.999535 1.07431 1.07431 2 1 
0.99916 1.07328 1.07328 2 1 
0.998783 1.07226 1.07226 2 1 
0.998404 1.07123 1.07123 2 1 
0.997985 1.07011 1.07011 2 1 
0.997563 1.06899 1.06899 2 1 
0.997139 1.06786 1.06786 2 1 
0.996713 1.06674 1.06674 2 1 
0.996285 1.06562 1.06562 2 1 
0.995854 1.0645 1.0645 2 1 
0.995421 1.06338 1.06338 2 1 
0.994985 1.06226 1.06226 2 1 
0.994547 1.06114 1.06114 2 1 
0.994107 1.06002 1.06002 2 1 
0.993665 1.05891 1.05891 2 1 
0.99322 1.05779 1.05779 2 1 
0.992773 1.05668 1.05668 2 1 
0.992324 1.05556 1.05556 2 1 
0.991872 1.05445 1.05445 2 1 
0.991419 1.05334 1.05334 2 1 
0.990963 1.05223 1.05223 2 1 
0.990505 1.05112 1.05112 2 1 
0.990044 1.05001 1.05001 2 1 
0.989582 1.0489 1.0489 2 1 
0.989117 1.04779 1.04779 2 1 
0.98865 1.04669 1.04669 2 1 
0.988181 1.04558 1.04558 2 1 
0.987709 1.04448 1.04448 2 1 
0.987236 1.04337 1.04337 2 1 
0.98676 1.04227 1.04227 2 1 
0.986282 1.04117 1.04117 2 1 
0.985802 1.04007 1.04007 2 1 
0.98532 1.03897 1.03897 2 1 
0.984836 1.03787 1.03787 2 1 
0.98435 1.03677 1.03677 2 1 
0.983861 1.03567 1.03567 2 1 
0.983371 1.03457 1.03457 2 1 
0.982878 1.03348 1.03348 2 1 
0.982383 1.03238 1.03238 2 1 
0.981886 1.03129 1.03129 2 1 
0.981387 1.03019 1.03019 2 1 
0.980886 1.0291 1.0291 2 1 
0.980383 1.02801 1.02801 2 1 
0.979878 1.02692 1.02692 2 1 
0.979371 1.02583 1.02583 2 1 
0.978862 1.02474 1.02474 2 1 
0.97835 1.02366 1.02366 2 1 
0.977837 1.02257 1.02257 2 1 
0.977322 1.02148 1.02148 2 1 
0.976804 1.0204 1.0204 2 1 
0.976285 1.01931 1.01931 2 1 
0.975764 1.01823 1.01823 2 1 
0.975241 1.01715 1.01715 2 1 
0.974715 1.01607 1.01607 2 1 
0.974188 1.01499 1.01499 2 1 
0.973659 1.01391 1.01391 2 1 
0.973128 1.01283 1.01283 2 1 
0.972595 1.01175 1.01175 2 1 
0.97206 1.01068 1.01068 2 1 
0.971523 1.0096 1.0096 2 1 
0.970984 1.00853 1.00853 2 1 
0.970443 1.00745 1.00745 2 1 
0.9699 1.00638 1.00638 2 1 
0.969356 1.00531 1.00531 2 1 
0.968809 1.00424 1.00424 2 1 
0.968261 1.00317 1.00317 2 1 
0.96771 1.0021 1.0021 2 1 
0.967158 1.00103 1.00103 2 1 
0.966604 0.999964 0.999964 2 1 
0.966048 0.998898 0.998898 2 1 
0.965491 0.997833 0.997833 2 1 
0.964931 0.996769 0.996769 2 1 
0.96437 0.995705 0.995705 2 1 
0.963806 0.994643 0.994643 2 1 
0.963241 0.993582 0.993582 2 1 
0.962674 0.992521 0.992521 2 1 
0.962106 0.991462 0.991462 2 1 
0.961535 0.990403 0.990403 2 1 
0.960905 0.98924 0.98924 2 1 
0.960274 0.988077 0.988077 2 1 
0.95964 0.986916 0.986916 2 1 
0.959003 0.985756 0.985756 2 1 
0.958365 0.984598 0.984598 2 1 
0.957725 0.98344 0.98344 2 1 
0.957082 0.982283 0.982283 2 1 
0.956438 0.981128 0.981128 2 1 
0.955791 0.979974 0.979974 2 1 
0.955142 0.978821 0.978821 2 1 
0.954491 0.977669 0.977669 2 1 
0.953838 0.976518 0.976518 2 1 
0.953183 0.975368 0.975368 2 1 
0.952526 0.97422 0.97422 2 1 
0.951867 0.973072 0.973072 2 1 
0.951206 0.971926 0.971926 2 1 
0.950542 0.970781 0.970781 2 1 
0.949877 0.969637 0.969637 2 1 
0.94921 0.968494 0.968494 2 1 
0.948541 0.967353 0.967353 2 1 
0.947869 0.966212 0.966212 2 1 
0.947196 0.965073 0.965073 2 1 
0.946521 0.963935 0.963935 2 1 
0.945844 0.962798 0.962798 2 1 
0.945164 0.961662 0.961662 2 1 
0.944483 0.960527 0.960527 2 1 
0.9438 0.959393 0.959393 2 1 
0.943115 0.958261 0.958261 2 1 
0.942428 0.957129 0.957129 2 1 
0.941739 0.955999 0.955999 2 1 
0.941048 0.95487 0.95487 2 1 
0.940356 0.953742 0.953742 2 1 
0.939661 0.952615 0.952615 2 1 
0.938965 0.95149 0.95149 2 1 
0.938266 0.950365 0.950365 2 1 
0.937566 0.949242 0.949242 2 1 
0.936864 0.94812 0.94812 2 1 
0.93616 0.946999 0.946999 2 1 
0.935454 0.945879 0.945879 2 1 
0.934746 0.94476 0.94476 2 1 
0.934037 0.943642 0.943642 2 1 
0.933325 0.942525 0.942525 2 1 
0.932612 0.94141 0.94141 2 1 
0.931897 0.940296 0.940296 2 1 
0.93118 0.939183 0.939183 2 1 
0.930462 0.938071 0.938071 2 1 
0.929742 0.93696 0.93696 2 1 
0.929019 0.93585 0.93585 2 1 
0.928295 0.934741 0.934741 2 1 
0.92757 0.933634 0.933634 2 1 
0.926842 0.932527 0.932527 2 1 
0.926113 0.931422 0.931422 2 1 
0.925382 0.930318 0.930318 2 1 
0.924649 0.929215 0.929215 2 1 
0.923915 0.928113 0.928113 2 1 
0.923179 0.927013 0.927013 2 1 
0.922441 0.925913 0.925913 2 1 
0.921627 0.924705 0.924705 2 1 
0.920812 0.923498 0.923498 2 1 
0.919994 0.922292 0.922292 2 1 
0.919174 0.921088 0.921088 2 1 
0.918353 0.919885 0.919885 2 1 
0.917529 0.918684 0.918684 2 1 
0.916703 0.917484 0.917484 2 1 
0.915875 0.916285 0.916285 2 1 
0.915045 0.915087 0.915087 2 1 
0.914214 0.913891 0.913891 2 1 
0.91338 0.912697 0.912697 2 1 
0.912544 0.911503 0.911503 2 1 
0.911706 0.910311 0.910311 2 1 
0.910867 0.90912 0.90912 2 1 
0.910025 0.907931 0.907931 2 1 
0.909182 0.906743 0.906743 2 1 
0.908336 0.905556 0.905556 2 1 
0.907489 0.904371 0.904371 2 1 
0.90664 0.903187 0.903187 2 1 
0.905789 0.902004 0.902004 2 1 
0.904936 0.900823 0.900823 2 1 
0.904081 0.899643 0.899643 2 1 
0.903224 0.898464 0.898464 2 1 
0.902365 0.897287 0.897287 2 1 
0.901505 0.896111 0.896111 2 1 
0.900643 0.894936 0.894936 2 1 
0.899779 0.893763 0.893763 2 1 
0.898913 0.892591 0.892591 2 1 
0.898045 0.89142 0.89142 2 1 
0.897175 0.890251 0.890251 2 1 
0.896304 0.889083 0.889083 2 1 
0.895431 0.887916 0.887916 2 1 
0.894556 0.886751 0.886751 2 1 
0.893679 0.885587 0.885587 2 1 
0.8928 0.884424 0.884424 2 1 
0.89192 0.883262 0.883262 2 1 
0.891038 0.882102 0.882102 2 1 
0.890154 0.880943 0.880943 2 1 
0.889269 0.879786 0.879786 2 1 
0.888382 0.878629 0.878629 2 1 
0.887493 0.877474 0.877474 2 1 
0.886602 0.876321 0.876321 2 1 
0.88571 0.875168 0.875168 2 1 
0.884816 0.874017 0.874017 2 1 
0.88392 0.872867 0.872867 2 1 
0.883023 0.871719 0.871719 2 1 
0.882123 0.870572 0.870572 2 1 
0.881223 0.869426 0.869426 2 1 
0.88032 0.868281 0.868281 2 1 
0.879416 0.867138 0.867138 2 1 
0.87851 0.865996 0.865996 2 1 
0.877603 0.864855 0.864855 2 1 
0.876603 0.863602 0.863602 2 1 
0.875601 0.86235 0.86235 2 1 
0.874597 0.861099 0.861099 2 1 
0.873591 0.859851 0.859851 2 1 
0.872584 0.858604 0.858604 2 1 
0.871574 0.857358 0.857358 2 1 
0.870562 0.856114 0.856114 2 1 
0.869549 0.854871 0.854871 2 1 
0.868533 0.85363 0.85363 2 1 
0.867516 0.852391 0.852391 2 1 
0.866497 0.851153 0.851153 2 1 
0.865476 0.849916 0.849916 2 1 
0.864453 0.848681 0.848681 2 1 
0.863428 0.847448 0.847448 2 1 
0.862402 0.846216 0.846216 2 1 
0.861373 0.844985 0.844985 2 1 
0.860343 0.843757 0.843757 2 1 
0.859311 0.842529 0.842529 2 1 
0.858277 0.841303 0.841303 2 1 
0.857241 0.840079 0.840079 2 1 
0.856204 0.838856 0.838856 2 1 
0.855164 0.837635 0.837635 2 1 
0.854123 0.836415 0.836415 2 1 
0.853081 0.835196 0.835196 2 1 
0.852036 0.833979 0.833979 2 1 
0.85099 0.832764 0.832764 2 1 
0.849942 0.83155 0.83155 2 1 
0.848892 0.830338 0.830338 2 1 
0.84784 0.829127 0.829127 2 1 
0.846787 0.827917 0.827917 2 1 
0.845732 0.826709 0.826709 2 1 
0.844676 0.825503 0.825503 2 1 
0.843617 0.824298 0.824298 2 1 
0.842557 0.823094 0.823094 2 1 
0.841496 0.821892 0.821892 2 1 
0.840432 0.820691 0.820691 2 1 
0.839367 0.819492 0.819492 2 1 
0.838301 0.818294 0.818294 2 1 
0.837232 0.817098 0.817098 2 1 
0.836163 0.815903 0.815903 2 1 
0.835091 0.81471 0.81471 2 1 
0.834018 0.813518 0.813518 2 1 
0.832943 0.812327 0.812327 2 1 
0.831867 0.811138 0.811138 2 1 
0.830789 0.809951 0.809951 2 1 
0.829709 0.808764 0.808764 2 1 
0.828628 0.80758 0.80758 2 1 
0.827545 0.806396 0.806396 2 1 
0.826461 0.805215 0.805215 2 1 
0.825375 0.804034 0.804034 2 1 
0.824288 0.802855 0.802855 2 1 
0.82309 0.80156 0.80156 2 1 
0.82189 0.800266 0.800266 2 1 
0.820688 0.798974 0.798974 2 1 
0.819485 0.797684 0.797684 2 1 
0.818279 0.796396 0.796396 2 1 
0.817072 0.795109 0.795109 2 1 
0.815863 0.793824 0.793824 2 1 
0.814653 0.792541 0.792541 2 1 
0.81344 0.791259 0.791259 2 1 
0.812226 0.789979 0.789979 2 1 
0.811009 0.788701 0.788701 2 1 
0.809792 0.787424 0.787424 2 1 
0.808572 0.786149 0.786149 2 1 
0.80735 0.784876 0.784876 2 1 
0.806127 0.783605 0.783605 2 1 
0.804902 0.782335 0.782335 2 1 
0.803676 0.781066 0.781066 2 1 
0.802447 0.7798 0.7798 2 1 
0.801217 0.778535 0.778535 2 1 
0.799986 0.777272 0.777272 2 1 
0.798752 0.77601 0.77601 2 1 
0.797517 0.77475 0.77475 2 1 
0.79628 0.773492 0.773492 2 1 
0.795042 0.772235 0.772235 2 1 
0.793802 0.77098 0.77098 2 1 
0.79256 0.769727 0.769727 2 1 
0.791316 0.768475 0.768475 2 1 
0.790071 0.767225 0.767225 2 1 
0.788825 0.765977 0.765977 2 1 
0.787576 0.76473 0.76473 2 1 
0.786326 0.763485 0.763485 2 1 
0.785075 0.762241 0.762241 2 1 
0.783822 0.760999 0.760999 2 1 
0.782567 0.759759 0.759759 2 1 
0.781311 0.75852 0.75852 2 1 
0.780053 0.757283 0.757283 2 1 
0.778794 0.756047 0.756047 2 1 
0.777533 0.754813 0.754813 2 1 
0.77627 0.753581 0.753581 2 1 
0.775006 0.75235 0.75235 2 1 
0.77374 0.751121 0.751121 2 1 
0.772473 0.749893 0.749893 2 1 
0.771205 0.748667 0.748667 2 1 
0.769934 0.747443 0.747443 2 1 
0.768663 0.74622 0.74622 2 1 
0.76739 0.744998 0.744998 2 1 
0.766115 0.743779 0.743779 2 1 
0.764839 0.742561 0.742561 2 1 
0.763561 0.741344 0.741344 2 1 
0.762282 0.740129 0.740129 2 1 
0.761001 0.738915 0.738915 2 1 
0.759719 0.737703 0.737703 2 1 
0.758307 0.736372 0.736372 2 1 
0.756894 0.735043 0.735043 2 1 
0.755478 0.733715 0.733715 2 1 
0.754061 0.732389 0.732389 2 1 
0.752643 0.731065 0.731065 2 1 
0.751222 0.729743 0.729743 2 1 
0.7498 0.728423 0.728423 2 1 
0.748376 0.727105 0.727105 2 1 
0.74695 0.725788 0.725788 2 1 
0.745523 0.724474 0.724474 2 1 
0.744094 0.723161 0.723161 2 1 
0.742663 0.72185 0.72185 2 1 
0.741231 0.720541 0.720541 2 1 
0.739797 0.719233 0.719233 2 1 
0.738362 0.717928 0.717928 2 1 
0.736925 0.716624 0.716624 2 1 
0.735486 0.715322 0.715322 2 1 
0.734046 0.714022 0.714022 2 1 
0.732604 0.712724 0.712724 2 1 
0.73116 0.711427 0.711427 2 1 
0.729715 0.710133 0.710133 2 1 
0.728268 0.70884 0.70884 2 1 
0.72682 0.707549 0.707549 2 1 
0.72537 0.706259 0.706259 2 1 
0.723919 0.704972 0.704972 2 1 
0.722466 0.703686 0.703686 2 1 
0.721011 0.702402 0.702402 2 1 
0.719555 0.70112 0.70112 2 1 
0.718098 0.699839 0.699839 2 1 
0.716639 0.69856 0.69856 2 1 
0.715178 0.697283 0.697283 2 1 
0.713716 0.696008 0.696008 2 1 
0.712253 0.694735 0.694735 2 1 
0.710788 0.693463 0.693463 2 1 
0.709321 0.692193 0.692193 2 1 
0.707853 0.690925 0.690925 2 1 
0.706384 0.689658 0.689658 2 1 
0.704913 0.688393 0.688393 2 1 
0.703441 0.68713 0.68713 2 1 
0.701967 0.685869 0.685869 2 1 
0.700492 0.684609 0.684609 2 1 
0.699015 0.683351 0.683351 2 1 
0.697537 0.682095 0.682095 2 1 
0.696058 0.680841 0.680841 2 1 
0.694577 0.679588 0.679588 2 1 
0.693094 0.678337 0.678337 2 1 
0.691611 0.677088 0.677088 2 1 
0.690126 0.67584 0.67584 2 1 
0.688639 0.674594 0.674594 2 1 
0.687152 0.67335 0.67335 2 1 
0.685663 0.672107 0.672107 2 1 
0.684172 0.670866 0.670866 2 1 
0.68268 0.669627 0.669627 2 1 
0.681187 0.668389 0.668389 2 1 
0.679692 0.667153 0.667153 2 1 
0.678197 0.665919 0.665919 2 1 
0.676699 0.664686 0.664686 2 1 
0.675051 0.663332 0.663332 2 1 
0.673401 0.66198 0.66198 2 1 
0.671749 0.66063 0.66063 2 1 
0.670096 0.659282 0.659282 2 1 
0.668442 0.657936 0.657936 2 1 
0.666785 0.656592 0.656592 2 1 
0.665128 0.65525 0.65525 2 1 
0.663468 0.65391 0.65391 2 1 
0.661807 0.652572 0.652572 2 1 
0.660145 0.651236 0.651236 2 1 
0.658481 0.649902 0.649902 2 1 
0.656816 0.64857 0.64857 2 1 
0.655149 0.64724 0.64724 2 1 
0.65348 0.645911 0.645911 2 1 
0.65181 0.644585 0.644585 2 1 
0.650139 0.643261 0.643261 2 1 
0.648466 0.641938 0.641938 2 1 
0.646792 0.640618 0.640618 2 1 
0.645116 0.639299 0.639299 2 1 
0.643439 0.637982 0.637982 2 1 
0.64176 0.636667 0.636667 2 1 
0.64008 0.635355 0.635355 2 1 
0.638399 0.634044 0.634044 2 1 
0.636716 0.632735 0.632735 2 1 
0.635032 0.631427 0.631427 2 1 
0.633346 0.630122 0.630122 2 1 
0.631659 0.628819 0.628819 2 1 
0.62997 0.627517 0.627517 2 1 
0.628281 0.626218 0.626218 2 1 
0.626589 0.62492 0.62492 2 1 
0.624897 0.623624 0.623624 2 1 
0.623203 0.62233 0.62233 2 1 
0.621508 0.621038 0.621038 2 1 
0.619811 0.619748 0.619748 2 1 
0.618113 0.61846 0.61846 2 1 
0.616414 0.617173 0.617173 2 1 
0.614713 0.615889 0.615889 2 1 
0.613011 0.614606 0.614606 2 1 
0.611308 0.613325 0.613325 2 1 
0.609603 0.612046 0.612046 2 1 
0.607897 0.610768 0.610768 2 1 
0.60619 0.609493 0.609493 2 1 
0.604482 0.608219 0.608219 2 1 
0.602772 0.606948 0.606948 2 1 
0.601061 0.605678 0.605678 2 1 
0.599349 0.60441 0.60441 2 1 
0.597636 0.603143 0.603143 2 1 
0.595921 0.601879 0.601879 2 1 
0.594205 0.600616 0.600616 2 1 
0.592488 0.599355 0.599355 2 1 
0.590769 0.598096 0.598096 2 1 
0.58905 0.596839 0.596839 2 1 
0.587329 0.595583 0.595583 2 1 
0.585607 0.594329 0.594329 2 1 
0.583883 0.593078 0.593078 2 1 
0.582159 0.591827 0.591827 2 1 
0.580433 0.590579 0.590579 2 1 
0.578706 0.589332 0.589332 2 1 
0.576978 0.588088 0.588088 2 1 
0.575249 0.586845 0.586845 2 1 
0.573519 0.585603 0.585603 2 1 
0.571787 0.584364 0.584364 2 1 
0.570054 0.583126 0.583126 2 1 
0.56832 0.58189 0.58189 2 1 
0.566585 0.580656 0.580656 2 1 
0.564849 0.579423 0.579423 2 1 
0.562938 0.578069 0.578069 2 1 
0.561026 0.576718 0.576718 2 1 
0.559112 0.575368 0.575368 2 1 
0.557197 0.574021 0.574021 2 1 
0.55528 0.572675 0.572675 2 1 
0.553362 0.571332 0.571332 2 1 
0.551443 0.569991 0.569991 2 1 
0.549523 0.568652 0.568652 2 1 
0.547601 0.567315 0.567315 2 1 
0.545678 0.56598 0.56598 2 1 
0.543753 0.564647 0.564647 2 1 
0.541827 0.563316 0.563316 2 1 
0.5399 0.561987 0.561987 2 1 
0.537972 0.56066 0.56066 2 1 
0.536043 0.559336 0.559336 2 1 
0.534112 0.558013 0.558013 2 1 
0.53218 0.556692 0.556692 2 1 
0.530246 0.555374 0.555374 2 1 
0.528312 0.554057 0.554057 2 1 
0.526376 0.552743 0.552743 2 1 
0.524439 0.55143 0.55143 2 1 
0.522501 0.55012 0.55012 2 1 
0.520561 0.548811 0.548811 2 1 
0.518621 0.547505 0.547505 2 1 
0.516679 0.546201 0.546201 2 1 
0.514736 0.544898 0.544898 2 1 
0.512792 0.543598 0.543598 2 1 
0.510846 0.542299 0.542299 2 1 
0.5089 0.541003 0.541003 2 1 
0.506952 0.539708 0.539708 2 1 
0.505003 0.538416 0.538416 2 1 
0.503053 0.537126 0.537126 2 1 
0.501102 0.535837 0.535837 2 1 
0.499149 0.534551 0.534551 2 1 
0.497196 0.533266 0.533266 2 1 
0.495241 0.531983 0.531983 2 1 
0.493285 0.530703 0.530703 2 1 
0.491329 0.529424 0.529424 2 1 
0.489371 0.528147 0.528147 2 1 
0.487411 0.526873 0.526873 2 1 
0.485451 0.5256 0.5256 2 1 
0.48349 0.524329 0.524329 2 1 
0.481528 0.52306 0.52306 2 1 
0.479564 0.521793 0.521793 2 1 
0.4776 0.520528 0.520528 2 1 
0.475634 0.519265 0.519265 2 1 
0.473668 0.518004 0.518004 2 1 
0.4717 0.516744 0.516744 2 1 
0.469731 0.515487 0.515487 2 1 
0.467761 0.514231 0.514231 2 1 
0.465791 0.512978 0.512978 2 1 
0.463819 0.511726 0.511726 2 1 
0.461846 0.510477 0.510477 2 1 
0.459872 0.509229 0.509229 2 1 
0.457897 0.507983 0.507983 2 1 
0.455921 0.506739 0.506739 2 1 
0.453944 0.505497 0.505497 2 1 
0.451967 0.504256 0.504256 2 1 
0.449988 0.503018 0.503018 2 1 
0.448008 0.501782 0.501782 2 1 
0.446027 0.500547 0.500547 2 1 
0.444045 0.499314 0.499314 2 1 
0.442063 0.498084 0.498084 2 1 
0.440079 0.496855 0.496855 2 1 
0.438094 0.495627 0.495627 2 1 
0.436109 0.494402 0.494402 2 1 
0.434122 0.493179 0.493179 2 1 
0.432135 0.491957 0.491957 2 1 
0.430146 0.490738 0.490738 2 1 
0.428157 0.48952 0.48952 2 1 
0.426167 0.488304 0.488304 2 1 
0.424175 0.48709 0.48709 2 1 
0.422183 0.485877 0.485877 2 1 
0.42019 0.484667 0.484667 2 1 
0.418196 0.483458 0.483458 2 1 
0.416202 0.482252 0.482252 2 1 
0.414206 0.481047 0.481047 2 1 
0.41221 0.479844 0.479844 2 1 
0.410212 0.478642 0.478642 2 1 
0.408214 0.477443 0.477443 2 1 
0.406215 0.476245 0.476245 2 1 
0.404215 0.475049 0.475049 2 1 
0.402214 0.473855 0.473855 2 1 
0.400212 0.472663 0.472663 2 1 
0.39821 0.471473 0.471473 2 1 
0.396206 0.470284 0.470284 2 1 
0.394202 0.469097 0.469097 2 1 
0.392197 0.467912 0.467912 2 1 
0.389991 0.466611 0.466611 2 1 
0.387783 0.465312 0.465312 2 1 
0.385575 0.464015 0.464015 2 1 
0.383365 0.46272 0.46272 2 1 
0.381155 0.461427 0.461427 2 1 
0.378944 0.460136 0.460136 2 1 
0.376732 0.458848 0.458848 2 1 
0.374518 0.457562 0.457562 2 1 
0.372304 0.456278 0.456278 2 1 
0.370089 0.454996 0.454996 2 1 
0.367873 0.453716 0.453716 2 1 
0.365656 0.452438 0.452438 2 1 
0.363438 0.451162 0.451162 2 1 
0.36122 0.449889 0.449889 2 1 
0.359 0.448618 0.448618 2 1 
0.35678 0.447349 0.447349 2 1 
0.354558 0.446081 0.446081 2 1 
0.352336 0.444816 0.444816 2 1 
0.350113 0.443554 0.443554 2 1 
0.347889 0.442293 0.442293 2 1 
0.345664 0.441034 0.441034 2 1 
0.343439 0.439778 0.439778 2 1 
0.341212 0.438523 0.438523 2 1 
0.338985 0.437271 0.437271 2 1 
0.336757 0.436021 0.436021 2 1 
0.334528 0.434773 0.434773 2 1 
0.332298 0.433527 0.433527 2 1 
0.330067 0.432283 0.432283 2 1 
0.327836 0.431041 0.431041 2 1 
0.325604 0.429801 0.429801 2 1 
0.323371 0.428563 0.428563 2 1 
0.321137 0.427328 0.427328 2 1 
0.318903 0.426094 0.426094 2 1 
0.316667 0.424863 0.424863 2 1 
0.314431 0.423633 0.423633 2 1 
0.312195 0.422406 0.422406 2 1 
0.309957 0.421181 0.421181 2 1 
0.307719 0.419958 0.419958 2 1 
0.30548 0.418736 0.418736 2 1 
0.30324 0.417517 0.417517 2 1 
0.301 0.4163 0.4163 2 1 
0.298759 0.415085 0.415085 2 1 
0.296517 0.413872 0.413872 2 1 
0.294274 0.412661 0.412661 2 1 
0.292031 0.411453 0.411453 2 1 
0.289787 0.410246 0.410246 2 1 
0.287543 0.409041 0.409041 2 1 
0.285298 0.407838 0.407838 2 1 
0.283052 0.406637 0.406637 2 1 
0.280805 0.405439 0.405439 2 1 
0.278558 0.404242 0.404242 2 1 
0.27631 0.403047 0.403047 2 1 
0.274062 0.401855 0.401855 2 1 
0.271813 0.400664 0.400664 2 1 
0.269563 0.399476 0.399476 2 1 
0.267313 0.398289 0.398289 2 1 
0.265062 0.397105 0.397105 2 1 
0.26281 0.395922 0.395922 2 1 
0.260558 0.394742 0.394742 2 1 
0.258305 0.393563 0.393563 2 1 
0.256052 0.392387 0.392387 2 1 
0.253798 0.391212 0.391212 2 1 
0.251544 0.39004 0.39004 2 1 
0.249289 0.388869 0.388869 2 1 
0.247033 0.387701 0.387701 2 1 
0.244777 0.386534 0.386534 2 1 
0.242521 0.385369 0.385369 2 1 
0.240264 0.384207 0.384207 2 1 
0.238006 0.383046 0.383046 2 1 
0.235748 0.381888 0.381888 2 1 
0.233489 0.380731 0.380731 2 1 
0.23123 0.379577 0.379577 2 1 
0.22897 0.378424 0.378424 2 1 
0.22671 0.377274 0.377274 2 1 
0.224449 0.376125 0.376125 2 1 
0.222188 0.374978 0.374978 2 1 
0.219927 0.373834 0.373834 2 1 
0.217665 0.372691 0.372691 2 1 
0.215402 0.37155 0.37155 2 1 
0.213139 0.370411 0.370411 2 1 
0.210876 0.369274 0.369274 2 1 
0.208612 0.36814 0.36814 2 1 
0.206348 0.367007 0.367007 2 1 
0.204083 0.365876 0.365876 2 1 
0.201818 0.364747 0.364747 2 1 
0.199552 0.36362 0.36362 2 1 
0.197286 0.362495 0.362495 2 1 
0.19502 0.361372 0.361372 2 1 
0.192753 0.360251 0.360251 2 1 
0.190486 0.359131 0.359131 2 1 
0.188219 0.358014 0.358014 2 1 
0.185951 0.356899 0.356899 2 1 
0.183683 0.355786 0.355786 2 1 
0.181414 0.354674 0.354674 2 1 
0.179146 0.353565 0.353565 2 1 
0.176876 0.352457 0.352457 2 1 
0.17438 0.351241 0.351241 2 1 
0.171883 0.350028 0.350028 2 1 
0.169386 0.348816 0.348816 2 1 
0.166888 0.347608 0.347608 2 1 
0.16439 0.346401 0.346401 2 1 
0.161892 0.345197 0.345197 2 1 
0.159393 0.343995 0.343995 2 1 
0.156894 0.342795 0.342795 2 1 
0.154395 0.341598 0.341598 2 1 
0.151895 0.340403 0.340403 2 1 
0.149396 0.33921 0.33921 2 1 
0.146895 0.33802 0.33802 2 1 
0.144395 0.336832 0.336832 2 1 
0.141894 0.335647 0.335647 2 1 
0.139393 0.334463 0.334463 2 1 
0.136892 0.333282 0.333282 2 1 
0.134391 0.332104 0.332104 2 1 
0.131889 0.330928 0.330928 2 1 
0.129387 0.329754 0.329754 2 1 
0.126885 0.328582 0.328582 2 1 
0.124383 0.327413 0.327413 2 1 
0.12188 0.326246 0.326246 2 1 
0.119377 0.325081 0.325081 2 1 
0.116875 0.323919 0.323919 2 1 
0.114372 0.322759 0.322759 2 1 
0.111868 0.321601 0.321601 2 1 
0.109365 0.320445 0.320445 2 1 
0.106862 0.319292 0.319292 2 1 
0.104108 0.318027 0.318027 2 1 
0.101354 0.316764 0.316764 2 1 
0.0985999 0.315503 0.315503 2 1 
0.0958458 0.314246 0.314246 2 1 
0.0930915 0.312992 0.312992 2 1 
0.0903373 0.31174 0.31174 2 1 
0.0875829 0.310491 0.310491 2 1 
0.0848285 0.309245 0.309245 2 1 
0.0820742 0.308001 0.308001 2 1 
0.0790443 0.306637 0.306637 2 1 
0.0760145 0.305275 0.305275 2 1 
0.0729848 0.303918 0.303918 2 1 
0.069955 0.302563 0.302563 2 1 
0.0666224 0.301077 0.301077 2 1 
0.0629566 0.299447 0.299447 2 1 
0.0574585 0.297012 0.297012 2 1 
0.0519608 0.294587 0.294587 2 1 
0.0464638 0.292174 0.292174 2 1 
0.0409676 0.289771 0.289771 2 1 
0.0354722 0.28738 0.28738 2 1 
0.029978 0.284999 0.284999 2 1 
0.0244849 0.28263 0.28263 2 1 
0.0189931 0.280272 0.280272 2 1 
0.0135028 0.277925 0.277925 2 1 
0.00801401 0.275589 0.275589 2 1 
0.00252696 0.273264 0.273264 2 1 
-0.00295823 0.27095 0.27095 2 1 
2 0.0033438 0.0033438 2 1 
1.98 0.0033439 0.0033439 1 1 
1.969 0.00334396 0.00334396 1 1 
1.9569 0.00334402 0.00334402 1 1 
1.94359 0.00334409 0.00334409 1 1 
1.92895 0.00334416 0.00334416 1 1 
1.91431 0.00334424 0.00334424 1 1 
1.89967 0.00334432 0.00334432 1 1 
1.88503 0.0033444 0.0033444 1 1 
1.87039 0.00334448 0.00334448 1 1 
1.85574 0.00334456 0.00334456 1 1 
1.8411 0.00334464 0.00334464 1 1 
1.82646 0.00334472 0.00334472 1 1 
1.81182 0.0033448 0.0033448 1 1 
1.79718 0.00334489 0.00334489 1 1 
1.78254 0.00334497 0.00334497 1 1 
1.7679 0.00334506 0.00334506 1 1 
1.75326 0.00334514 0.00334514 1 1 
1.73862 0.00334523 0.00334523 1 1 
1.72398 0.00334532 0.00334532 1 1 
1.70934 0.00334541 0.00334541 1 1 
1.69469 0.0033455 0.0033455 1 1 
1.68005 0.00334559 0.00334559 1 1 
1.66541 0.00334568 0.00334568 1 1 
1.65077 0.00334578 0.00334578 1 1 
1.63613 0.00334587 0.00334587 1 1 
1.62149 0.00334596 0.00334596 1 1 
1.60685 0.00334606 0.00334606 1 1 
1.59221 0.00334616 0.00334616 1 1 
1.57757 0.00334626 0.00334626 1 1 
1.56293 0.00334636 0.00334636 1 1 
1.54829 0.00334646 0.00334646 1 1 
1.53364 0.00334656 0.00334656 1 1 
1.519 0.00334666 0.00334666 1 1 
1.50436 0.00334677 0.00334677 1 1 
1.48972 0.00334687 0.00334687 1 1 
1.47508 0.00334698 0.00334698 1 1 
1.46044 0.00334709 0.00334709 1 1 
1.4458 0.0033472 0.0033472 1 1 
1.43116 0.00334731 0.00334731 1 1 
1.41652 0.00334742 0.00334742 1 1 
1.40188 0.00334754 0.00334754 1 1 
1.38724 0.00334765 0.00334765 1 1 
1.37259 0.00334777 0.00334777 1 1 
1.35795 0.00334788 0.00334788 1 1 
1.34331 0.003348 0.003348 1 1 
1.32867 0.00334813 0.00334813 1 1 
1.31403 0.00334825 0.00334825 1 1 
1.29939 0.00334837 0.00334837 1 1 
1.28475 0.0033485 0.0033485 1 1 
1.27011 0.00334862 0.00334862 1 1 
1.25547 0.00334875 0.00334875 1 1 
1.24083 0.00334888 0.00334888 1 1 
1.22619 0.00334902 0.00334902 1 1 
1.21154 0.00334915 0.00334915 1 1 
1.1969 0.00334929 0.00334929 1 1 
1.18226 0.00334942 0.00334942 1 1 
1.16762 0.00334956 0.00334956 1 1 
1.15298 0.00334971 0.00334971 1 1 
1.13834 0.00334985 0.00334985 1 1 
1.1237 0.00334999 0.00334999 1 1 
1.10906 0.00335014 0.00335014 1 1 
1.09442 0.00335029 0.00335029 1 1 
1.07978 0.00335044 0.00335044 1 1 
1.06514 0.0033506 0.0033506 1 1 
1.05782 0.00335068 0.00335068 1 1 
1.04976 0.00335076 0.00335076 1 1 
1.04091 0.00335086 0.00335086 1 1 
1.03205 0.00335095 0.00335095 1 1 
1.02319 0.00335105 0.00335105 1 1 
1.01433 0.00335115 0.00335115 1 1 
1.00548 0.00335125 0.00335125 1 1 
0.996618 0.00335135 0.00335135 1 1 
0.98776 0.00335145 0.00335145 1 1 
0.978903 0.00335155 0.00335155 1 1 
0.970045 0.00335165 0.00335165 1 1 
0.961188 0.00335176 0.00335176 1 1 
0.95233 0.00335186 0.00335186 1 1 
0.943472 0.00335197 0.00335197 1 1 
0.934615 0.00335207 0.00335207 1 1 
0.925757 0.00335218 0.00335218 1 1 
0.916899 0.00335229 0.00335229 1 1 
0.908042 0.0033524 0.0033524 1 1 
0.899184 0.00335251 0.00335251 1 1 
0.890327 0.00335262 0.00335262 1 1 
0.881469 0.00335273 0.00335273 1 1 
0.872611 0.00335285 0.00335285 1 1 
0.868182 0.0033529 0.0033529 1 1 
0.863311 0.00335297 0.00335297 1 1 
0.857952 0.00335304 0.00335304 1 1 
0.852593 0.00335311 0.00335311 1 1 
0.847234 0.00335318 0.00335318 1 1 
0.841875 0.00335325 0.00335325 1 1 
0.836517 0.00335332 0.00335332 1 1 
0.831158 0.00335339 0.00335339 1 1 
0.825799 0.00335347 0.00335347 1 1 
0.82044 0.00335354 0.00335354 1 1 
0.815081 0.00335361 0.00335361 1 1 
0.809722 0.00335369 0.00335369 1 1 
0.804364 0.00335376 0.00335376 1 1 
0.799005 0.00335384 0.00335384 1 1 
0.793646 0.00335391 0.00335391 1 1 
0.788287 0.00335399 0.00335399 1 1 
0.782928 0.00335406 0.00335406 1 1 
0.777569 0.00335414 0.00335414 1 1 
0.772211 0.00335422 0.00335422 1 1 
0.766852 0.00335429 0.00335429 1 1 
0.761493 0.00335437 0.00335437 1 1 
0.756134 0.00335445 0.00335445 1 1 
0.750775 0.00335453 0.00335453 1 1 
0.745416 0.00335461 0.00335461 1 1 
0.740058 0.00335469 0.00335469 1 1 
0.734699 0.00335477 0.00335477 1 1 
0.72934 0.00335485 0.00335485 1 1 
0.723981 0.00335493 0.00335493 1 1 
0.718622 0.00335501 0.00335501 1 1 
0.713264 0.00335509 0.00335509 1 1 
0.707905 0.00335518 0.00335518 1 1 
0.702546 0.00335526 0.00335526 1 1 
0.697187 0.00335534 0.00335534 1 1 
0.694508 0.00335539 0.00335539 1 1 
0.691561 0.00335543 0.00335543 1 1 
0.688318 0.00335549 0.00335549 1 1 
0.685076 0.00335554 0.00335554 1 1 
0.681834 0.00335559 0.00335559 1 1 
0.678592 0.00335564 0.00335564 1 1 
0.67535 0.00335569 0.00335569 1 1 
0.672108 0.00335575 0.00335575 1 1 
0.668866 0.0033558 0.0033558 1 1 
0.665624 0.00335585 0.00335585 1 1 
0.662382 0.0033559 0.0033559 1 1 
0.65914 0.00335596 0.00335596 1 1 
0.655898 0.00335601 0.00335601 1 1 
0.652656 0.00335606 0.00335606 1 1 
0.649414 0.00335612 0.00335612 1 1 
0.646172 0.00335617 0.00335617 1 1 
0.64293 0.00335623 0.00335623 1 1 
0.639688 0.00335628 0.00335628 1 1 
0.636445 0.00335634 0.00335634 1 1 
0.633203 0.00335639 0.00335639 1 1 
0.629961 0.00335645 0.00335645 1 1 
0.626719 0.0033565 0.0033565 1 1 
0.623477 0.00335656 0.00335656 1 1 
0.620235 0.00335661 0.00335661 1 1 
0.616993 0.00335667 0.00335667 1 1 
0.613751 0.00335673 0.00335673 1 1 
0.610509 0.00335678 0.00335678 1 1 
0.607267 0.00335684 0.00335684 1 1 
0.604025 0.0033569 0.0033569 1 1 
0.600783 0.00335695 0.00335695 1 1 
0.597541 0.00335701 0.00335701 1 1 
0.594299 0.00335707 0.00335707 1 1 
0.591057 0.00335713 0.00335713 1 1 
0.587815 0.00335718 0.00335718 1 1 
0.584573 0.00335724 0.00335724 1 1 
0.581331 0.0033573 0.0033573 1 1 
0.578089 0.00335736 0.00335736 1 1 
0.574847 0.00335742 0.00335742 1 1 
0.571605 0.00335748 0.00335748 1 1 
0.568363 0.00335754 0.00335754 1 1 
0.565121 0.0033576 0.0033576 1 1 
0.561879 0.00335766 0.00335766 1 1 
0.558636 0.00335772 0.00335772 1 1 
0.555394 0.00335778 0.00335778 1 1 
0.552152 0.00335784 0.00335784 1 1 
0.54891 0.0033579 0.0033579 1 1 
0.545668 0.00335796 0.00335796 1 1 
0.542426 0.00335803 0.00335803 1 1 
0.539184 0.00335809 0.00335809 1 1 
0.537563 0.00335812 0.00335812 1 1 
0.53578 0.00335815 0.00335815 1 1 
0.533819 0.00335819 0.00335819 1 1 
0.531857 0.00335823 0.00335823 1 1 
0.529896 0.00335827 0.00335827 1 1 
0.527935 0.0033583 0.0033583 1 1 
0.525973 0.00335834 0.00335834 1 1 
0.524012 0.00335838 0.00335838 1 1 
0.52205 0.00335842 0.00335842 1 1 
0.520089 0.00335846 0.00335846 1 1 
0.518127 0.0033585 0.0033585 1 1 
0.516166 0.00335854 0.00335854 1 1 
0.514205 0.00335857 0.00335857 1 1 
0.512243 0.00335861 0.00335861 1 1 
0.510282 0.00335865 0.00335865 1 1 
0.50832 0.00335869 0.00335869 1 1 
0.506359 0.00335873 0.00335873 1 1 
0.504398 0.00335877 0.00335877 1 1 
0.502436 0.00335881 0.00335881 1 1 
0.500475 0.00335885 0.00335885 1 1 
0.498513 0.00335889 0.00335889 1 1 
0.496552 0.00335893 0.00335893 1 1 
0.494591 0.00335897 0.00335897 1 1 
0.492629 0.00335901 0.00335901 1 1 
0.490668 0.00335905 0.00335905 1 1 
0.488706 0.00335909 0.00335909 1 1 
0.486745 0.00335913 0.00335913 1 1 
0.484783 0.00335917 0.00335917 1 1 
0.482822 0.00335921 0.00335921 1 1 
0.480861 0.00335925 0.00335925 1 1 
0.478899 0.00335929 0.00335929 1 1 
0.476938 0.00335933 0.00335933 1 1 
0.474976 0.00335937 0.00335937 1 1 
0.473015 0.00335941 0.00335941 1 1 
0.471054 0.00335945 0.00335945 1 1 
0.469092 0.00335949 0.00335949 1 1 
0.467131 0.00335954 0.00335954 1 1 
0.465169 0.00335958 0.00335958 1 1 
0.463208 0.00335962 0.00335962 1 1 
0.461247 0.00335966 0.00335966 1 1 
0.459285 0.0033597 0.0033597 1 1 
0.457324 0.00335974 0.00335974 1 1 
0.455362 0.00335979 0.00335979 1 1 
0.453401 0.00335983 0.00335983 1 1 
0.45144 0.00335987 0.00335987 1 1 
0.449478 0.00335991 0.00335991 1 1 
0.447517 0.00335996 0.00335996 1 1 
0.445555 0.00336 0.00336 1 1 
0.443594 0.00336004 0.00336004 1 1 
0.441633 0.00336008 0.00336008 1 1 
0.439671 0.00336013 0.00336013 1 1 
0.43771 0.00336017 0.00336017 1 1 
0.435749 0.00336021 0.00336021 1 1 
0.433787 0.00336026 0.00336026 1 1 
0.431826 0.0033603 0.0033603 1 1 
0.429864 0.00336034 0.00336034 1 1 
0.427903 0.00336039 0.00336039 1 1 
0.425942 0.00336043 0.00336043 1 1 
0.42398 0.00336047 0.00336047 1 1 
0.422019 0.00336052 0.00336052 1 1 
0.420057 0.00336056 0.00336056 1 1 
0.418096 0.00336061 0.00336061 1 1 
0.416135 0.00336065 0.00336065 1 1 
0.414173 0.0033607 0.0033607 1 1 
0.412212 0.00336074 0.00336074 1 1 
0.410251 0.00336079 0.00336079 1 1 
0.408289 0.00336083 0.00336083 1 1 
0.406328 0.00336088 0.00336088 1 1 
0.404366 0.00336092 0.00336092 1 1 
0.402405 0.00336097 0.00336097 1 1 
0.400444 0.00336101 0.00336101 1 1 
0.398482 0.00336106 0.00336106 1 1 
0.396521 0.0033611 0.0033611 1 1 
0.394559 0.00336115 0.00336115 1 1 
0.393579 0.00336117 0.00336117 1 1 
0.3925 0.0033612 0.0033612 1 1 
0.391313 0.00336122 0.00336122 1 1 
0.390127 0.00336125 0.00336125 1 1 
0.38894 0.00336128 0.00336128 1 1 
0.387754 0.00336131 0.00336131 1 1 
0.386567 0.00336134 0.00336134 1 1 
0.38538 0.00336136 0.00336136 1 1 
0.384194 0.00336139 0.00336139 1 1 
0.383007 0.00336142 0.00336142 1 1 
0.38182 0.00336145 0.00336145 1 1 
0.380634 0.00336148 0.00336148 1 1 
0.379447 0.00336151 0.00336151 1 1 
0.378261 0.00336153 0.00336153 1 1 
0.377074 0.00336156 0.00336156 1 1 
0.375887 0.00336159 0.00336159 1 1 
0.374701 0.00336162 0.00336162 1 1 
0.373514 0.00336165 0.00336165 1 1 
0.372327 0.00336168 0.00336168 1 1 
0.371141 0.00336171 0.00336171 1 1 
0.369954 0.00336173 0.00336173 1 1 
0.368767 0.00336176 0.00336176 1 1 
0.367581 0.00336179 0.00336179 1 1 
0.366394 0.00336182 0.00336182 1 1 
0.365208 0.00336185 0.00336185 1 1 
0.364021 0.00336188 0.00336188 1 1 
0.362834 0.00336191 0.00336191 1 1 
0.361648 0.00336194 0.00336194 1 1 
0.360461 0.00336197 0.00336197 1 1 
0.359275 0.003362 0.003362 1 1 
0.358088 0.00336202 0.00336202 1 1 
0.356901 0.00336205 0.00336205 1 1 
0.355715 0.00336208 0.00336208 1 1 
0.354528 0.00336211 0.00336211 1 1 
0.353341 0.00336214 0.00336214 1 1 
0.352155 0.00336217 0.00336217 1 1 
0.350968 0.0033622 0.0033622 1 1 
0.349782 0.00336223 0.00336223 1 1 
0.348595 0.00336226 0.00336226 1 1 
0.347408 0.00336229 0.00336229 1 1 
0.346222 0.00336232 0.00336232 1 1 
0.345035 0.00336235 0.00336235 1 1 
0.343848 0.00336238 0.00336238 1 1 
0.342662 0.00336241 0.00336241 1 1 
0.341475 0.00336244 0.00336244 1 1 
0.340289 0.00336247 0.00336247 1 1 
0.339102 0.0033625 0.0033625 1 1 
0.337915 0.00336253 0.00336253 1 1 
0.336729 0.00336256 0.00336256 1 1 
0.335542 0.00336259 0.00336259 1 1 
0.334356 0.00336262 0.00336262 1 1 
0.333169 0.00336265 0.00336265 1 1 
0.331982 0.00336268 0.00336268 1 1 
0.330796 0.00336271 0.00336271 1 1 
0.329609 0.00336274 0.00336274 1 1 
0.328422 0.00336277 0.00336277 1 1 
0.327236 0.0033628 0.0033628 1 1 
0.326049 0.00336283 0.00336283 1 1 
0.324863 0.00336287 0.00336287 1 1 
0.323676 0.0033629 0.0033629 1 1 
0.322489 0.00336293 0.00336293 1 1 
0.321303 0.00336296 0.00336296 1 1 
0.320116 0.00336299 0.00336299 1 1 
0.31893 0.00336302 0.00336302 1 1 
0.317743 0.00336305 0.00336305 1 1 
0.316556 0.00336308 0.00336308 1 1 
0.31537 0.00336311 0.00336311 1 1 
0.314183 0.00336314 0.00336314 1 1 
0.312997 0.00336318 0.00336318 1 1 
0.31181 0.00336321 0.00336321 1 1 
0.310623 0.00336324 0.00336324 1 1 
0.309437 0.00336327 0.00336327 1 1 
0.30825 0.0033633 0.0033633 1 1 
0.307063 0.00336333 0.00336333 1 1 
0.305877 0.00336337 0.00336337 1 1 
0.30469 0.0033634 0.0033634 1 1 
0.303504 0.00336343 0.00336343 1 1 
0.302317 0.00336346 0.00336346 1 1 
0.30113 0.00336349 0.00336349 1 1 
0.299944 0.00336352 0.00336352 1 1 
0.298757 0.00336356 0.00336356 1 1 
0.297571 0.00336359 0.00336359 1 1 
0.296384 0.00336362 0.00336362 1 1 
0.295197 0.00336365 0.00336365 1 1 
0.294011 0.00336368 0.00336368 1 1 
0.292824 0.00336372 0.00336372 1 1 
0.291638 0.00336375 0.00336375 1 1 
0.290451 0.00336378 0.00336378 1 1 
0.289264 0.00336381 0.00336381 1 1 
0.288078 0.00336385 0.00336385 1 1 
0.286891 0.00336388 0.00336388 1 1 
0.285705 0.00336391 0.00336391 1 1 
0.284518 0.00336395 0.00336395 1 1 
0.283331 0.00336398 0.00336398 1 1 
0.282145 0.00336401 0.00336401 1 1 
0.280958 0.00336404 0.00336404 1 1 
0.279772 0.00336408 0.00336408 1 1 
0.278585 0.00336411 0.00336411 1 1 
0.277398 0.00336414 0.00336414 1 1 
0.276212 0.00336418 0.00336418 1 1 
0.275025 0.00336421 0.00336421 1 1 
0.273839 0.00336424 0.00336424 1 1 
0.272652 0.00336428 0.00336428 1 1 
0.271466 0.00336431 0.00336431 1 1 
0.270279 0.00336434 0.00336434 1 1 
0.269092 0.00336438 0.00336438 1 1 
0.267906 0.00336441 0.00336441 1 1 
0.266719 0.00336444 0.00336444 1 1 
0.265533 0.00336448 0.00336448 1 1 
0.264346 0.00336451 0.00336451 1 1 
0.263159 0.00336455 0.00336455 1 1 
0.262566 0.00336456 0.00336456 1 1 
0.261913 0.00336458 0.00336458 1 1 
0.261196 0.0033646 0.0033646 1 1 
0.260478 0.00336462 0.00336462 1 1 
0.25976 0.00336464 0.00336464 1 1 
0.259042 0.00336466 0.00336466 1 1 
0.258324 0.00336468 0.00336468 1 1 
0.257606 0.0033647 0.0033647 1 1 
0.256888 0.00336473 0.00336473 1 1 
0.25617 0.00336475 0.00336475 1 1 
0.255452 0.00336477 0.00336477 1 1 
0.254735 0.00336479 0.00336479 1 1 
0.254017 0.00336481 0.00336481 1 1 
0.253299 0.00336483 0.00336483 1 1 
0.252581 0.00336485 0.00336485 1 1 
0.251863 0.00336487 0.00336487 1 1 
0.251145 0.00336489 0.00336489 1 1 
0.250427 0.00336491 0.00336491 1 1 
0.249709 0.00336493 0.00336493 1 1 
0.248992 0.00336495 0.00336495 1 1 
0.248274 0.00336498 0.00336498 1 1 
0.247556 0.003365 0.003365 1 1 
0.246838 0.00336502 0.00336502 1 1 
0.24612 0.00336504 0.00336504 1 1 
0.245402 0.00336506 0.00336506 1 1 
0.244684 0.00336508 0.00336508 1 1 
0.243966 0.0033651 0.0033651 1 1 
0.243248 0.00336512 0.00336512 1 1 
0.242531 0.00336514 0.00336514 1 1 
0.241813 0.00336517 0.00336517 1 1 
0.241095 0.00336519 0.00336519 1 1 
0.240377 0.00336521 0.00336521 1 1 
0.239659 0.00336523 0.00336523 1 1 
0.238941 0.00336525 0.00336525 1 1 
0.238223 0.00336527 0.00336527 1 1 
0.237505 0.00336529 0.00336529 1 1 
0.236788 0.00336531 0.00336531 1 1 
0.23607 0.00336534 0.00336534 1 1 
0.235352 0.00336536 0.00336536 1 1 
0.234634 0.00336538 0.00336538 1 1 
0.233916 0.0033654 0.0033654 1 1 
0.233198 0.00336542 0.00336542 1 1 
0.23248 0.00336544 0.00336544 1 1 
0.231762 0.00336547 0.00336547 1 1 
0.231045 0.00336549 0.00336549 1 1 
0.230327 0.00336551 0.00336551 1 1 
0.229609 0.00336553 0.00336553 1 1 
0.228891 0.00336555 0.00336555 1 1 
0.228173 0.00336557 0.00336557 1 1 
0.227455 0.0033656 0.0033656 1 1 
0.226737 0.00336562 0.00336562 1 1 
0.226019 0.00336564 0.00336564 1 1 
0.225302 0.00336566 0.00336566 1 1 
0.224584 0.00336568 0.00336568 1 1 
0.223866 0.0033657 0.0033657 1 1 
0.223148 0.00336573 0.00336573 1 1 
0.22243 0.00336575 0.00336575 1 1 
0.221712 0.00336577 0.00336577 1 1 
0.220994 0.00336579 0.00336579 1 1 
0.220276 0.00336581 0.00336581 1 1 
0.219559 0.00336584 0.00336584 1 1 
0.218841 0.00336586 0.00336586 1 1 
0.218123 0.00336588 0.00336588 1 1 
0.217405 0.0033659 0.0033659 1 1 
0.216687 0.00336592 0.00336592 1 1 
0.215969 0.00336595 0.00336595 1 1 
0.215251 0.00336597 0.00336597 1 1 
0.214533 0.00336599 0.00336599 1 1 
0.213816 0.00336601 0.00336601 1 1 
0.213098 0.00336604 0.00336604 1 1 
0.21238 0.00336606 0.00336606 1 1 
0.211662 0.00336608 0.00336608 1 1 
0.210944 0.0033661 0.0033661 1 1 
0.210226 0.00336612 0.00336612 1 1 
0.209508 0.00336615 0.00336615 1 1 
0.20879 0.00336617 0.00336617 1 1 
0.208073 0.00336619 0.00336619 1 1 
0.207355 0.00336621 0.00336621 1 1 
0.206637 0.00336624 0.00336624 1 1 
0.205919 0.00336626 0.00336626 1 1 
0.205201 0.00336628 0.00336628 1 1 
0.204483 0.0033663 0.0033663 1 1 
0.203765 0.00336633 0.00336633 1 1 
0.203047 0.00336635 0.00336635 1 1 
0.20233 0.00336637 0.00336637 1 1 
0.201612 0.00336639 0.00336639 1 1 
0.200894 0.00336642 0.00336642 1 1 
0.200176 0.00336644 0.00336644 1 1 
0.199458 0.00336646 0.00336646 1 1 
0.19874 0.00336649 0.00336649 1 1 
0.198022 0.00336651 0.00336651 1 1 
0.197305 0.00336653 0.00336653 1 1 
0.196587 0.00336655 0.00336655 1 1 
0.195869 0.00336658 0.00336658 1 1 
0.195151 0.0033666 0.0033666 1 1 
0.194433 0.00336662 0.00336662 1 1 
0.193715 0.00336665 0.00336665 1 1 
0.192997 0.00336667 0.00336667 1 1 
0.192279 0.00336669 0.00336669 1 1 
0.191562 0.00336672 0.00336672 1 1 
0.190844 0.00336674 0.00336674 1 1 
0.190126 0.00336676 0.00336676 1 1 
0.189408 0.00336678 0.00336678 1 1 
0.18869 0.00336681 0.00336681 1 1 
0.187972 0.00336683 0.00336683 1 1 
0.187254 0.00336685 0.00336685 1 1 
0.186537 0.00336688 0.00336688 1 1 
0.185819 0.0033669 0.0033669 1 1 
0.185101 0.00336692 0.00336692 1 1 
0.184383 0.00336695 0.00336695 1 1 
0.183665 0.00336697 0.00336697 1 1 
0.182947 0.00336699 0.00336699 1 1 
0.182229 0.00336702 0.00336702 1 1 
0.181511 0.00336704 0.00336704 1 1 
0.180794 0.00336706 0.00336706 1 1 
0.180076 0.00336709 0.00336709 1 1 
0.179358 0.00336711 0.00336711 1 1 
0.17864 0.00336714 0.00336714 1 1 
0.177922 0.00336716 0.00336716 1 1 
0.177204 0.00336718 0.00336718 1 1 
0.176486 0.00336721 0.00336721 1 1 
0.175769 0.00336723 0.00336723 1 1 
0.175051 0.00336725 0.00336725 1 1 
0.174333 0.00336728 0.00336728 1 1 
0.173615 0.0033673 0.0033673 1 1 
0.172897 0.00336733 0.00336733 1 1 
0.172179 0.00336735 0.00336735 1 1 
0.171461 0.00336737 0.00336737 1 1 
0.170744 0.0033674 0.0033674 1 1 
0.170026 0.00336742 0.00336742 1 1 
0.169308 0.00336744 0.00336744 1 1 
0.16859 0.00336747 0.00336747 1 1 
0.167872 0.00336749 0.00336749 1 1 
0.167154 0.00336752 0.00336752 1 1 
0.166436 0.00336754 0.00336754 1 1 
0.165719 0.00336757 0.00336757 1 1 
0.165001 0.00336759 0.00336759 1 1 
0.164283 0.00336761 0.00336761 1 1 
0.163565 0.00336764 0.00336764 1 1 
0.162847 0.00336766 0.00336766 1 1 
0.162129 0.00336769 0.00336769 1 1 
0.161411 0.00336771 0.00336771 1 1 
0.160694 0.00336773 0.00336773 1 1 
0.159976 0.00336776 0.00336776 1 1 
0.159258 0.00336778 0.00336778 1 1 
0.15854 0.00336781 0.00336781 1 1 
0.157822 0.00336783 0.00336783 1 1 
0.157104 0.00336786 0.00336786 1 1 
0.156386 0.00336788 0.00336788 1 1 
0.155669 0.00336791 0.00336791 1 1 
0.154951 0.00336793 0.00336793 1 1 
0.154233 0.00336796 0.00336796 1 1 
0.153515 0.00336798 0.00336798 1 1 
0.152797 0.003368 0.003368 1 1 
0.152079 0.00336803 0.00336803 1 1 
0.151361 0.00336805 0.00336805 1 1 
0.150644 0.00336808 0.00336808 1 1 
0.149926 0.0033681 0.0033681 1 1 
0.149208 0.00336813 0.00336813 1 1 
0.14849 0.00336815 0.00336815 1 1 
0.147772 0.00336818 0.00336818 1 1 
0.147054 0.0033682 0.0033682 1 1 
0.146337 0.00336823 0.00336823 1 1 
0.145619 0.00336825 0.00336825 1 1 
0.144901 0.00336828 0.00336828 1 1 
0.144183 0.0033683 0.0033683 1 1 
0.143465 0.00336833 0.00336833 1 1 
0.142747 0.00336835 0.00336835 1 1 
0.142388 0.00336837 0.00336837 1 1 
0.141994 0.00336838 0.00336838 1 1 
0.141559 0.00336839 0.00336839 1 1 
0.141125 0.00336841 0.00336841 1 1 
0.140691 0.00336843 0.00336843 1 1 
0.140256 0.00336844 0.00336844 1 1 
0.139822 0.00336846 0.00336846 1 1 
0.139388 0.00336847 0.00336847 1 1 
0.138953 0.00336849 0.00336849 1 1 
0.138519 0.0033685 0.0033685 1 1 
0.138085 0.00336852 0.00336852 1 1 
0.137651 0.00336853 0.00336853 1 1 
0.137216 0.00336855 0.00336855 1 1 
0.136782 0.00336856 0.00336856 1 1 
0.136348 0.00336858 0.00336858 1 1 
0.135913 0.00336859 0.00336859 1 1 
0.135479 0.00336861 0.00336861 1 1 
0.135045 0.00336862 0.00336862 1 1 
0.134611 0.00336864 0.00336864 1 1 
0.134176 0.00336866 0.00336866 1 1 
0.133742 0.00336867 0.00336867 1 1 
0.133308 0.00336869 0.00336869 1 1 
0.132873 0.0033687 0.0033687 1 1 
0.132439 0.00336872 0.00336872 1 1 
0.132005 0.00336873 0.00336873 1 1 
0.13157 0.00336875 0.00336875 1 1 
0.131136 0.00336876 0.00336876 1 1 
0.130702 0.00336878 0.00336878 1 1 
0.130268 0.00336879 0.00336879 1 1 
0.129833 0.00336881 0.00336881 1 1 
0.129399 0.00336883 0.00336883 1 1 
0.128965 0.00336884 0.00336884 1 1 
0.12853 0.00336886 0.00336886 1 1 
0.128096 0.00336887 0.00336887 1 1 
0.127662 0.00336889 0.00336889 1 1 
0.127227 0.0033689 0.0033689 1 1 
0.126793 0.00336892 0.00336892 1 1 
0.126359 0.00336894 0.00336894 1 1 
0.125925 0.00336895 0.00336895 1 1 
0.12549 0.00336897 0.00336897 1 1 
0.125056 0.00336898 0.00336898 1 1 
0.124622 0.003369 0.003369 1 1 
0.124187 0.00336901 0.00336901 1 1 
0.123753 0.00336903 0.00336903 1 1 
0.123319 0.00336905 0.00336905 1 1 
0.122885 0.00336906 0.00336906 1 1 
0.12245 0.00336908 0.00336908 1 1 
0.122016 0.00336909 0.00336909 1 1 
0.121582 0.00336911 0.00336911 1 1 
0.121147 0.00336912 0.00336912 1 1 
0.120713 0.00336914 0.00336914 1 1 
0.120279 0.00336916 0.00336916 1 1 
0.119845 0.00336917 0.00336917 1 1 
0.11941 0.00336919 0.00336919 1 1 
0.118976 0.0033692 0.0033692 1 1 
0.118542 0.00336922 0.00336922 1 1 
0.118107 0.00336924 0.00336924 1 1 
0.117673 0.00336925 0.00336925 1 1 
0.117239 0.00336927 0.00336927 1 1 
0.116804 0.00336928 0.00336928 1 1 
0.11637 0.0033693 0.0033693 1 1 
0.115936 0.00336931 0.00336931 1 1 
0.115502 0.00336933 0.00336933 1 1 
0.115067 0.00336935 0.00336935 1 1 
0.114633 0.00336936 0.00336936 1 1 
0.114199 0.00336938 0.00336938 1 1 
0.113764 0.00336939 0.00336939 1 1 
0.11333 0.00336941 0.00336941 1 1 
0.112896 0.00336943 0.00336943 1 1 
0.112462 0.00336944 0.00336944 1 1 
0.112027 0.00336946 0.00336946 1 1 
0.111593 0.00336947 0.00336947 1 1 
0.111159 0.00336949 0.00336949 1 1 
0.110724 0.00336951 0.00336951 1 1 
0.11029 0.00336952 0.00336952 1 1 
0.109856 0.00336954 0.00336954 1 1 
0.109422 0.00336956 0.00336956 1 1 
0.108987 0.00336957 0.00336957 1 1 
0.108553 0.00336959 0.00336959 1 1 
0.108119 0.0033696 0.0033696 1 1 
0.107684 0.00336962 0.00336962 1 1 
0.10725 0.00336964 0.00336964 1 1 
0.106816 0.00336965 0.00336965 1 1 
0.106382 0.00336967 0.00336967 1 1 
0.105947 0.00336968 0.00336968 1 1 
0.105513 0.0033697 0.0033697 1 1 
0.105079 0.00336972 0.00336972 1 1 
0.104644 0.00336973 0.00336973 1 1 
0.10421 0.00336975 0.00336975 1 1 
0.103776 0.00336977 0.00336977 1 1 
0.103342 0.00336978 0.00336978 1 1 
0.102907 0.0033698 0.0033698 1 1 
0.102473 0.00336982 0.00336982 1 1 
0.102039 0.00336983 0.00336983 1 1 
0.101604 0.00336985 0.00336985 1 1 
0.10117 0.00336986 0.00336986 1 1 
0.100736 0.00336988 0.00336988 1 1 
0.100302 0.0033699 0.0033699 1 1 
0.0998672 0.00336991 0.00336991 1 1 
0.0994329 0.00336993 0.00336993 1 1 
0.0989987 0.00336995 0.00336995 1 1 
0.0985644 0.00336996 0.00336996 1 1 
0.0981301 0.00336998 0.00336998 1 1 
0.0976958 0.00337 0.00337 1 1 
0.0972615 0.00337001 0.00337001 1 1 
0.0968272 0.00337003 0.00337003 1 1 
0.0963929 0.00337005 0.00337005 1 1 
0.0959587 0.00337006 0.00337006 1 1 
0.0955244 0.00337008 0.00337008 1 1 
0.0950901 0.0033701 0.0033701 1 1 
0.0946558 0.00337011 0.00337011 1 1 
0.0942215 0.00337013 0.00337013 1 1 
0.0937872 0.00337014 0.00337014 1 1 
0.093353 0.00337016 0.00337016 1 1 
0.0929187 0.00337018 0.00337018 1 1 
0.0924844 0.00337019 0.00337019 1 1 
0.0920501 0.00337021 0.00337021 1 1 
0.0916158 0.00337023 0.00337023 1 1 
0.0911815 0.00337024 0.00337024 1 1 
0.0907472 0.00337026 0.00337026 1 1 
0.090313 0.00337028 0.00337028 1 1 
0.0898787 0.0033703 0.0033703 1 1 
0.0894444 0.00337031 0.00337031 1 1 
0.0890101 0.00337033 0.00337033 1 1 
0.0885758 0.00337035 0.00337035 1 1 
0.0881416 0.00337036 0.00337036 1 1 
0.0877073 0.00337038 0.00337038 1 1 
0.087273 0.0033704 0.0033704 1 1 
0.0868387 0.00337041 0.00337041 1 1 
0.0864044 0.00337043 0.00337043 1 1 
0.0859701 0.00337045 0.00337045 1 1 
0.0855359 0.00337046 0.00337046 1 1 
0.0851016 0.00337048 0.00337048 1 1 
0.0846673 0.0033705 0.0033705 1 1 
0.084233 0.00337051 0.00337051 1 1 
0.0837987 0.00337053 0.00337053 1 1 
0.0833645 0.00337055 0.00337055 1 1 
0.0829302 0.00337056 0.00337056 1 1 
0.0824959 0.00337058 0.00337058 1 1 
0.0820616 0.0033706 0.0033706 1 1 
0.0816273 0.00337062 0.00337062 1 1 
0.081193 0.00337063 0.00337063 1 1 
0.0807588 0.00337065 0.00337065 1 1 
0.0803245 0.00337067 0.00337067 1 1 
0.0798902 0.00337068 0.00337068 1 1 
0.0794559 0.0033707 0.0033707 1 1 
0.0790217 0.00337072 0.00337072 1 1 
0.0785874 0.00337073 0.00337073 1 1 
0.0781531 0.00337075 0.00337075 1 1 
0.0777188 0.00337077 0.00337077 1 1 
0.0772845 0.00337079 0.00337079 1 1 
0.0768503 0.0033708 0.0033708 1 1 
0.076416 0.00337082 0.00337082 1 1 
0.0759817 0.00337084 0.00337084 1 1 
0.0755474 0.00337085 0.00337085 1 1 
0.0751131 0.00337087 0.00337087 1 1 
0.0746789 0.00337089 0.00337089 1 1 
0.0742446 0.00337091 0.00337091 1 1 
0.0738103 0.00337092 0.00337092 1 1 
0.073376 0.00337094 0.00337094 1 1 
0.0729418 0.00337096 0.00337096 1 1 
0.0725075 0.00337098 0.00337098 1 1 
0.0720732 0.00337099 0.00337099 1 1 
0.0716389 0.00337101 0.00337101 1 1 
0.0712046 0.00337103 0.00337103 1 1 
0.0707704 0.00337104 0.00337104 1 1 
0.0703361 0.00337106 0.00337106 1 1 
0.0699018 0.00337108 0.00337108 1 1 
0.0694675 0.0033711 0.0033711 1 1 
0.0690333 0.00337111 0.00337111 1 1 
0.068599 0.00337113 0.00337113 1 1 
0.0681647 0.00337115 0.00337115 1 1 
0.0677304 0.00337117 0.00337117 1 1 
0.0672962 0.00337118 0.00337118 1 1 
0.0668619 0.0033712 0.0033712 1 1 
0.0664276 0.00337122 0.00337122 1 1 
0.0659933 0.00337124 0.00337124 1 1 
0.0655591 0.00337125 0.00337125 1 1 
0.0651248 0.00337127 0.00337127 1 1 
0.0646905 0.00337129 0.00337129 1 1 
0.0642562 0.00337131 0.00337131 1 1 
0.063822 0.00337132 0.00337132 1 1 
0.0633877 0.00337134 0.00337134 1 1 
0.0629534 0.00337136 0.00337136 1 1 
0.0625191 0.00337138 0.00337138 1 1 
0.0620849 0.00337139 0.00337139 1 1 
0.0616506 0.00337141 0.00337141 1 1 
0.0612163 0.00337143 0.00337143 1 1 
0.060782 0.00337145 0.00337145 1 1 
0.0603478 0.00337147 0.00337147 1 1 
0.0599135 0.00337148 0.00337148 1 1 
0.0594792 0.0033715 0.0033715 1 1 
0.059045 0.00337152 0.00337152 1 1 
0.0586107 0.00337154 0.00337154 1 1 
0.0581764 0.00337155 0.00337155 1 1 
0.0577421 0.00337157 0.00337157 1 1 
0.0573079 0.00337159 0.00337159 1 1 
0.0568736 0.00337161 0.00337161 1 1 
0.0564393 0.00337163 0.00337163 1 1 
0.056005 0.00337164 0.00337164 1 1 
0.0555708 0.00337166 0.00337166 1 1 
0.0551365 0.00337168 0.00337168 1 1 
0.0547022 0.0033717 0.0033717 1 1 
0.054268 0.00337171 0.00337171 1 1 
0.0538337 0.00337173 0.00337173 1 1 
0.0533994 0.00337175 0.00337175 1 1 
0.0529652 0.00337177 0.00337177 1 1 
0.0525309 0.00337179 0.00337179 1 1 
0.0520966 0.0033718 0.0033718 1 1 
0.0516623 0.00337182 0.00337182 1 1 
0.0512281 0.00337184 0.00337184 1 1 
0.0507938 0.00337186 0.00337186 1 1 
0.0503595 0.00337188 0.00337188 1 1 
0.0499253 0.00337189 0.00337189 1 1 
0.049491 0.00337191 0.00337191 1 1 
0.0490567 0.00337193 0.00337193 1 1 
0.0486225 0.00337195 0.00337195 1 1 
0.0481882 0.00337197 0.00337197 1 1 
0.0477539 0.00337198 0.00337198 1 1 
0.0473197 0.003372 0.003372 1 1 
0.0468854 0.00337202 0.00337202 1 1 
0.0464511 0.00337204 0.00337204 1 1 
0.0460168 0.00337206 0.00337206 1 1 
0.0455826 0.00337208 0.00337208 1 1 
0.0451483 0.00337209 0.00337209 1 1 
0.044714 0.00337211 0.00337211 1 1 
0.0442798 0.00337213 0.00337213 1 1 
0.0438455 0.00337215 0.00337215 1 1 
0.0434112 0.00337217 0.00337217 1 1 
0.042977 0.00337218 0.00337218 1 1 
0.0425427 0.0033722 0.0033722 1 1 
0.0421084 0.00337222 0.00337222 1 1 
0.0416742 0.00337224 0.00337224 1 1 
0.0412399 0.00337226 0.00337226 1 1 
0.0408056 0.00337228 0.00337228 1 1 
0.0403714 0.0033723 0.0033723 1 1 
0.0399371 0.00337231 0.00337231 1 1 
0.0395029 0.00337233 0.00337233 1 1 
0.0390686 0.00337235 0.00337235 1 1 
0.0386343 0.00337237 0.00337237 1 1 
0.0382001 0.00337239 0.00337239 1 1 
0.0377658 0.00337241 0.00337241 1 1 
0.0373315 0.00337242 0.00337242 1 1 
0.0368973 0.00337244 0.00337244 1 1 
0.036463 0.00337246 0.00337246 1 1 
0.0360287 0.00337248 0.00337248 1 1 
0.0355945 0.0033725 0.0033725 1 1 
0.0351602 0.00337252 0.00337252 1 1 
0.0347259 0.00337254 0.00337254 1 1 
0.0342917 0.00337255 0.00337255 1 1 
0.0338574 0.00337257 0.00337257 1 1 
0.0336403 0.00337258 0.00337258 1 1 
0.0334014 0.00337259 0.00337259 1 1 
0.0331387 0.0033726 0.0033726 1 1 
0.032876 0.00337261 0.00337261 1 1 
0.0326133 0.00337263 0.00337263 1 1 
0.0323505 0.00337264 0.00337264 1 1 
0.0320878 0.00337265 0.00337265 1 1 
0.0318251 0.00337266 0.00337266 1 1 
0.0315623 0.00337267 0.00337267 1 1 
0.0312996 0.00337268 0.00337268 1 1 
0.0310369 0.00337269 0.00337269 1 1 
0.0307742 0.00337271 0.00337271 1 1 
0.0305114 0.00337272 0.00337272 1 1 
0.0302487 0.00337273 0.00337273 1 1 
0.029986 0.00337274 0.00337274 1 1 
0.0297232 0.00337275 0.00337275 1 1 
0.0294605 0.00337276 0.00337276 1 1 
0.0291978 0.00337277 0.00337277 1 1 
0.0289351 0.00337278 0.00337278 1 1 
0.0286723 0.0033728 0.0033728 1 1 
0.0284096 0.00337281 0.00337281 1 1 
0.0281469 0.00337282 0.00337282 1 1 
0.0278842 0.00337283 0.00337283 1 1 
0.0276214 0.00337284 0.00337284 1 1 
0.0273587 0.00337285 0.00337285 1 1 
0.027096 0.00337286 0.00337286 1 1 
0.0268332 0.00337288 0.00337288 1 1 
0.0265705 0.00337289 0.00337289 1 1 
0.0263078 0.0033729 0.0033729 1 1 
0.0260451 0.00337291 0.00337291 1 1 
0.0257823 0.00337292 0.00337292 1 1 
0.0255196 0.00337293 0.00337293 1 1 
0.0252569 0.00337294 0.00337294 1 1 
0.0249942 0.00337296 0.00337296 1 1 
0.0247314 0.00337297 0.00337297 1 1 
0.0244687 0.00337298 0.00337298 1 1 
0.024206 0.00337299 0.00337299 1 1 
0.0239432 0.003373 0.003373 1 1 
0.0236805 0.00337301 0.00337301 1 1 
0.0234178 0.00337303 0.00337303 1 1 
0.0231551 0.00337304 0.00337304 1 1 
0.0228923 0.00337305 0.00337305 1 1 
0.0226296 0.00337306 0.00337306 1 1 
0.0223669 0.00337307 0.00337307 1 1 
0.0221042 0.00337308 0.00337308 1 1 
0.0218414 0.00337309 0.00337309 1 1 
0.0215787 0.00337311 0.00337311 1 1 
0.021316 0.00337312 0.00337312 1 1 
0.0210533 0.00337313 0.00337313 1 1 
0.0207905 0.00337314 0.00337314 1 1 
0.0205278 0.00337315 0.00337315 1 1 
0.0202651 0.00337316 0.00337316 1 1 
0.0200024 0.00337318 0.00337318 1 1 
0.0197396 0.00337319 0.00337319 1 1 
0.0194769 0.0033732 0.0033732 1 1 
0.0192142 0.00337321 0.00337321 1 1 
0.0189515 0.00337322 0.00337322 1 1 
0.0186887 0.00337323 0.00337323 1 1 
0.018426 0.00337324 0.00337324 1 1 
0.0181633 0.00337326 0.00337326 1 1 
0.0179006 0.00337327 0.00337327 1 1 
0.0176378 0.00337328 0.00337328 1 1 
0.0173751 0.00337329 0.00337329 1 1 
0.0171124 0.0033733 0.0033733 1 1 
0.0168497 0.00337331 0.00337331 1 1 
0.0165869 0.00337333 0.00337333 1 1 
0.0163242 0.00337334 0.00337334 1 1 
0.0160615 0.00337335 0.00337335 1 1 
0.0157988 0.00337336 0.00337336 1 1 
0.015536 0.00337337 0.00337337 1 1 
0.0152733 0.00337338 0.00337338 1 1 
0.0150106 0.0033734 0.0033734 1 1 
0.0147479 0.00337341 0.00337341 1 1 
0.0144851 0.00337342 0.00337342 1 1 
0.0142224 0.00337343 0.00337343 1 1 
0.0139597 0.00337344 0.00337344 1 1 
0.013697 0.00337345 0.00337345 1 1 
0.0134342 0.00337347 0.00337347 1 1 
0.0131715 0.00337348 0.00337348 1 1 
0.0129088 0.00337349 0.00337349 1 1 
0.0126461 0.0033735 0.0033735 1 1 
0.0123834 0.00337351 0.00337351 1 1 
0.0121206 0.00337353 0.00337353 1 1 
0.0118579 0.00337354 0.00337354 1 1 
0.0115952 0.00337355 0.00337355 1 1 
0.0113325 0.00337356 0.00337356 1 1 
0.0110697 0.00337357 0.00337357 1 1 
0.010807 0.00337358 0.00337358 1 1 
0.0105443 0.0033736 0.0033736 1 1 
0.0102816 0.00337361 0.00337361 1 1 
0.0100188 0.00337362 0.00337362 1 1 
0.00975612 0.00337363 0.00337363 1 1 
0.0094934 0.00337364 0.00337364 1 1 
0.00923068 0.00337366 0.00337366 1 1 
0.00896796 0.00337367 0.00337367 1 1 
0.00870523 0.00337368 0.00337368 1 1 
0.00844251 0.00337369 0.00337369 1 1 
0.00817979 0.0033737 0.0033737 1 1 
0.00791707 0.00337371 0.00337371 1 1 
0.00765434 0.00337373 0.00337373 1 1 
0.00739162 0.00337374 0.00337374 1 1 
0.0071289 0.00337375 0.00337375 1 1 
0.00686618 0.00337376 0.00337376 1 1 
0.00660346 0.00337377 0.00337377 1 1 
0.00634073 0.00337379 0.00337379 1 1 
0.00607801 0.0033738 0.0033738 1 1 
0.00581529 0.00337381 0.00337381 1 1 
0.00555257 0.00337382 0.00337382 1 1 
0.00528985 0.00337383 0.00337383 1 1 
0.00502713 0.00337385 0.00337385 1 1 
0.00476441 0.00337386 0.00337386 1 1 
0.00450168 0.00337387 0.00337387 1 1 
0.00423896 0.00337388 0.00337388 1 1 
0.00397624 0.00337389 0.00337389 1 1 
0.00371352 0.00337391 0.00337391 1 1 
0.0034508 0.00337392 0.00337392 1 1 
0.00318808 0.00337393 0.00337393 1 1 
0.00292536 0.00337394 0.00337394 1 1 
0.00266264 0.00337395 0.00337395 1 1 
0.00239992 0.00337397 0.00337397 1 1 
0.0021372 0.00337398 0.00337398 1 1 
0.00187448 0.00337399 0.00337399 1 1 
0.00161176 0.003374 0.003374 1 1 
0.00134904 0.00337401 0.00337401 1 1 
0.00108632 0.00337403 0.00337403 1 1 
0.000823596 0.00337404 0.00337404 1 1 
0.000560876 0.00337405 0.00337405 1 1 
0.000298156 0.00337406 0.00337406 1 1 
3.54363e-05 0.00337407 0.00337407 1 1 
-0.000227284 0.00337409 0.00337409 1 1 
