0 1.57836 1.57836 2 1 
0.0175869 1.57047 1.57047 1 1 
0.0263707 1.5665 1.5665 1 1 
0.0351477 1.56251 1.56251 1 1 
0.0439173 1.55849 1.55849 1 1 
0.0526792 1.55446 1.55446 1 1 
0.061433 1.5504 1.5504 1 1 
0.0701781 1.54632 1.54632 1 1 
0.0789141 1.54221 1.54221 1 1 
0.0876406 1.53808 1.53808 1 1 
0.0963569 1.53392 1.53392 1 1 
0.105063 1.52974 1.52974 1 1 
0.113757 1.52553 1.52553 1 1 
0.12244 1.52129 1.52129 1 1 
0.131111 1.51702 1.51702 1 1 
0.139769 1.51272 1.51272 1 1 
0.148413 1.50839 1.50839 1 1 
0.157044 1.50403 1.50403 1 1 
0.165659 1.49964 1.49964 1 1 
0.174259 1.49521 1.49521 1 1 
0.182843 1.49075 1.49075 1 1 
0.19141 1.48626 1.48626 1 1 
0.199959 1.48172 1.48172 1 1 
0.20849 1.47715 1.47715 1 1 
0.217002 1.47255 1.47255 1 1 
0.225493 1.4679 1.4679 1 1 
0.233963 1.46321 1.46321 1 1 
0.242411 1.45848 1.45848 1 1 
0.250836 1.4537 1.4537 1 1 
0.259237 1.44888 1.44888 1 1 
0.267612 1.44402 1.44402 1 1 
0.275961 1.43911 1.43911 1 1 
0.284283 1.43415 1.43415 1 1 
0.292576 1.42914 1.42914 1 1 
0.300839 1.42408 1.42408 1 1 
0.309071 1.41897 1.41897 1 1 
0.31727 1.41381 1.41381 1 1 
0.325434 1.40859 1.40859 1 1 
0.333563 1.40331 1.40331 1 1 
0.341654 1.39798 1.39798 1 1 
0.349706 1.39259 1.39259 1 1 
0.357716 1.38713 1.38713 1 1 
0.365684 1.38161 1.38161 1 1 
0.373607 1.37603 1.37603 1 1 
0.381483 1.37038 1.37038 1 1 
0.38931 1.36467 1.36467 1 1 
0.397086 1.35888 1.35888 1 1 
0.404807 1.35302 1.35302 1 1 
0.412472 1.34709 1.34709 1 1 
0.420078 1.34108 1.34108 1 1 
0.427622 1.335 1.335 1 1 
0.431369 1.33193 1.33193 1 1 
0.4351 1.32883 1.32883 1 1 
0.438814 1.32572 1.32572 1 1 
0.442511 1.32259 1.32259 1 1 
0.44619 1.31944 1.31944 1 1 
0.44985 1.31626 1.31626 1 1 
0.453492 1.31307 1.31307 1 1 
0.457115 1.30985 1.30985 1 1 
0.460718 1.30661 1.30661 1 1 
0.464301 1.30335 1.30335 1 1 
0.467863 1.30007 1.30007 1 1 
0.471404 1.29676 1.29676 1 1 
0.474924 1.29343 1.29343 1 1 
0.478421 1.29008 1.29008 1 1 
0.481896 1.28671 1.28671 1 1 
0.485348 1.28331 1.28331 1 1 
0.488776 1.27989 1.27989 1 1 
0.492179 1.27644 1.27644 1 1 
0.495558 1.27297 1.27297 1 1 
0.498911 1.26948 1.26948 1 1 
0.502238 1.26596 1.26596 1 1 
0.505538 1.26242 1.26242 1 1 
0.50881 1.25885 1.25885 1 1 
0.512055 1.25525 1.25525 1 1 
0.515271 1.25163 1.25163 1 1 
0.518457 1.24799 1.24799 1 1 
0.521613 1.24432 1.24432 1 1 
0.524738 1.24062 1.24062 1 1 
0.527831 1.2369 1.2369 1 1 
0.530892 1.23315 1.23315 1 1 
0.53392 1.22937 1.22937 1 1 
0.536913 1.22557 1.22557 1 1 
0.539872 1.22173 1.22173 1 1 
0.541338 1.21981 1.21981 1 1 
0.542796 1.21788 1.21788 1 1 
0.544244 1.21594 1.21594 1 1 
0.545682 1.21399 1.21399 1 1 
0.547112 1.21204 1.21204 1 1 
0.548532 1.21008 1.21008 1 1 
0.549943 1.20812 1.20812 1 1 
0.551343 1.20614 1.20614 1 1 
0.552735 1.20416 1.20416 1 1 
0.554116 1.20218 1.20218 1 1 
0.555487 1.20018 1.20018 1 1 
0.556848 1.19818 1.19818 1 1 
0.558199 1.19618 1.19618 1 1 
0.55954 1.19416 1.19416 1 1 
0.56087 1.19214 1.19214 1 1 
0.56219 1.19011 1.19011 1 1 
0.563499 1.18808 1.18808 1 1 
0.564797 1.18604 1.18604 1 1 
0.566085 1.18399 1.18399 1 1 
0.567361 1.18194 1.18194 1 1 
0.568626 1.17987 1.17987 1 1 
0.56988 1.17781 1.17781 1 1 
0.571123 1.17573 1.17573 1 1 
0.572354 1.17365 1.17365 1 1 
0.573574 1.17156 1.17156 1 1 
0.574782 1.16946 1.16946 1 1 
0.575978 1.16736 1.16736 1 1 
0.577162 1.16525 1.16525 1 1 
0.578334 1.16313 1.16313 1 1 
0.579493 1.16101 1.16101 1 1 
0.580641 1.15888 1.15888 1 1 
0.581776 1.15675 1.15675 1 1 
0.582898 1.1546 1.1546 1 1 
0.584008 1.15245 1.15245 1 1 
0.585105 1.1503 1.1503 1 1 
0.586189 1.14814 1.14814 1 1 
0.58726 1.14597 1.14597 1 1 
0.588318 1.14379 1.14379 1 1 
0.589363 1.14161 1.14161 1 1 
0.590394 1.13942 1.13942 1 1 
0.591411 1.13723 1.13723 1 1 
0.592415 1.13503 1.13503 1 1 
0.593406 1.13282 1.13282 1 1 
0.594382 1.13061 1.13061 1 1 
0.595344 1.12839 1.12839 1 1 
0.596293 1.12616 1.12616 1 1 
0.597227 1.12393 1.12393 1 1 
0.598146 1.12169 1.12169 1 1 
0.599052 1.11945 1.11945 1 1 
0.599942 1.1172 1.1172 1 1 
0.600818 1.11495 1.11495 1 1 
0.60168 1.11269 1.11269 1 1 
0.602526 1.11042 1.11042 1 1 
0.603357 1.10815 1.10815 1 1 
0.604174 1.10587 1.10587 1 1 
0.604975 1.10359 1.10359 1 1 
0.605761 1.1013 1.1013 1 1 
0.606531 1.099 1.099 1 1 
0.607286 1.0967 1.0967 1 1 
0.608025 1.0944 1.0944 1 1 
0.608749 1.09209 1.09209 1 1 
0.609456 1.08978 1.08978 1 1 
0.610148 1.08746 1.08746 1 1 
0.610824 1.08513 1.08513 1 1 
0.611484 1.08281 1.08281 1 1 
0.612128 1.08047 1.08047 1 1 
0.612755 1.07813 1.07813 1 1 
0.613367 1.07579 1.07579 1 1 
0.613962 1.07344 1.07344 1 1 
0.61454 1.07109 1.07109 1 1 
0.615102 1.06874 1.06874 1 1 
0.615647 1.06638 1.06638 1 1 
0.616176 1.06402 1.06402 1 1 
0.616688 1.06165 1.06165 1 1 
0.617183 1.05928 1.05928 1 1 
0.617661 1.0569 1.0569 1 1 
0.618122 1.05453 1.05453 1 1 
0.618346 1.05334 1.05334 1 1 
0.618567 1.05215 1.05215 1 1 
0.618782 1.05095 1.05095 1 1 
0.618994 1.04976 1.04976 1 1 
0.619201 1.04857 1.04857 1 1 
0.619404 1.04737 1.04737 1 1 
0.619603 1.04618 1.04618 1 1 
0.619797 1.04498 1.04498 1 1 
0.619988 1.04379 1.04379 1 1 
0.620174 1.04259 1.04259 1 1 
0.620355 1.04139 1.04139 1 1 
0.620532 1.04019 1.04019 1 1 
0.620705 1.03899 1.03899 1 1 
0.620874 1.03779 1.03779 1 1 
0.621039 1.03659 1.03659 1 1 
0.621199 1.03539 1.03539 1 1 
0.621354 1.03419 1.03419 1 1 
0.621506 1.03299 1.03299 1 1 
0.621653 1.03179 1.03179 1 1 
0.621796 1.03058 1.03058 1 1 
0.621934 1.02938 1.02938 1 1 
0.622068 1.02817 1.02817 1 1 
0.622198 1.02697 1.02697 1 1 
0.622324 1.02576 1.02576 1 1 
0.622445 1.02456 1.02456 1 1 
0.622562 1.02335 1.02335 1 1 
0.622674 1.02214 1.02214 1 1 
0.622782 1.02093 1.02093 1 1 
0.622886 1.01973 1.01973 1 1 
0.622985 1.01852 1.01852 1 1 
0.62308 1.01731 1.01731 1 1 
0.623171 1.0161 1.0161 1 1 
0.623258 1.01489 1.01489 1 1 
0.62334 1.01368 1.01368 1 1 
0.623417 1.01247 1.01247 1 1 
0.623491 1.01126 1.01126 1 1 
0.62356 1.01005 1.01005 1 1 
0.623624 1.00884 1.00884 1 1 
0.623685 1.00762 1.00762 1 1 
0.623741 1.00641 1.00641 1 1 
0.623793 1.0052 1.0052 1 1 
0.62384 1.00399 1.00399 1 1 
0.623883 1.00278 1.00278 1 1 
0.623922 1.00156 1.00156 1 1 
0.623956 1.00035 1.00035 1 1 
0.623986 0.999136 0.999136 1 1 
0.624012 0.997923 0.997923 1 1 
0.624033 0.99671 0.99671 1 1 
0.62405 0.995496 0.995496 1 1 
0.624063 0.994282 0.994282 1 1 
0.624071 0.993068 0.993068 1 1 
0.624076 0.991854 0.991854 1 1 
0.624075 0.99064 0.99064 1 1 
0.624071 0.989426 0.989426 1 1 
0.624062 0.988212 0.988212 1 1 
0.624049 0.986998 0.986998 1 1 
0.624032 0.985784 0.985784 1 1 
0.62401 0.98457 0.98457 1 1 
0.623985 0.983356 0.983356 1 1 
0.623954 0.982141 0.982141 1 1 
0.62392 0.980927 0.980927 1 1 
0.623881 0.979713 0.979713 1 1 
0.623838 0.978499 0.978499 1 1 
0.623791 0.977285 0.977285 1 1 
0.62374 0.976072 0.976072 1 1 
0.623684 0.974858 0.974858 1 1 
0.623625 0.973645 0.973645 1 1 
0.62356 0.972431 0.972431 1 1 
0.623492 0.971218 0.971218 1 1 
0.62342 0.970005 0.970005 1 1 
0.623343 0.968792 0.968792 1 1 
0.62329 0.967987 0.967987 2 1 
0.623249 0.967381 0.967381 2 1 
0.623202 0.966714 0.966714 2 1 
0.623149 0.965981 0.965981 2 1 
0.623089 0.965174 0.965174 2 1 
0.623021 0.964287 0.964287 2 1 
0.622951 0.9634 0.9634 2 1 
0.622879 0.962513 0.962513 2 1 
0.622804 0.961626 0.961626 2 1 
0.622727 0.960739 0.960739 2 1 
0.622648 0.959853 0.959853 2 1 
0.622567 0.958966 0.958966 2 1 
0.622484 0.95808 0.95808 2 1 
0.622398 0.957194 0.957194 2 1 
0.62231 0.956308 0.956308 2 1 
0.62222 0.955422 0.955422 2 1 
0.622128 0.954537 0.954537 2 1 
0.622033 0.953652 0.953652 2 1 
0.621937 0.952766 0.952766 2 1 
0.621838 0.951882 0.951882 2 1 
0.621737 0.950997 0.950997 2 1 
0.621634 0.950112 0.950112 2 1 
0.621528 0.949228 0.949228 2 1 
0.621421 0.948344 0.948344 2 1 
0.621311 0.94746 0.94746 2 1 
0.621199 0.946577 0.946577 2 1 
0.621085 0.945693 0.945693 2 1 
0.620969 0.94481 0.94481 2 1 
0.62085 0.943927 0.943927 2 1 
0.62073 0.943045 0.943045 2 1 
0.620607 0.942162 0.942162 2 1 
0.620482 0.94128 0.94128 2 1 
0.620355 0.940398 0.940398 2 1 
0.620226 0.939517 0.939517 2 1 
0.620095 0.938635 0.938635 2 1 
0.619962 0.937754 0.937754 2 1 
0.619826 0.936874 0.936874 2 1 
0.619689 0.935993 0.935993 2 1 
0.619549 0.935113 0.935113 2 1 
0.619407 0.934233 0.934233 2 1 
0.619264 0.933354 0.933354 2 1 
0.619118 0.932474 0.932474 2 1 
0.61897 0.931595 0.931595 2 1 
0.618819 0.930717 0.930717 2 1 
0.618667 0.929838 0.929838 2 1 
0.618513 0.92896 0.92896 2 1 
0.618356 0.928083 0.928083 2 1 
0.618198 0.927205 0.927205 2 1 
0.618037 0.926328 0.926328 2 1 
0.617875 0.925452 0.925452 2 1 
0.61771 0.924575 0.924575 2 1 
0.617544 0.923699 0.923699 2 1 
0.617375 0.922824 0.922824 2 1 
0.617204 0.921948 0.921948 2 1 
0.617031 0.921073 0.921073 2 1 
0.616856 0.920199 0.920199 2 1 
0.616679 0.919325 0.919325 2 1 
0.616501 0.918451 0.918451 2 1 
0.61632 0.917577 0.917577 2 1 
0.616137 0.916704 0.916704 2 1 
0.615952 0.915832 0.915832 2 1 
0.615765 0.914959 0.914959 2 1 
0.615576 0.914087 0.914087 2 1 
0.615385 0.913216 0.913216 2 1 
0.615192 0.912345 0.912345 2 1 
0.614997 0.911474 0.911474 2 1 
0.6148 0.910604 0.910604 2 1 
0.614601 0.909734 0.909734 2 1 
0.6144 0.908864 0.908864 2 1 
0.614197 0.907995 0.907995 2 1 
0.613993 0.907127 0.907127 2 1 
0.613786 0.906258 0.906258 2 1 
0.613577 0.905391 0.905391 2 1 
0.613366 0.904523 0.904523 2 1 
0.613154 0.903656 0.903656 2 1 
0.612939 0.90279 0.90279 2 1 
0.612723 0.901924 0.901924 2 1 
0.612505 0.901058 0.901058 2 1 
0.612284 0.900193 0.900193 2 1 
0.612062 0.899328 0.899328 2 1 
0.611838 0.898464 0.898464 2 1 
0.611612 0.8976 0.8976 2 1 
0.611384 0.896736 0.896736 2 1 
0.611154 0.895874 0.895874 2 1 
0.610922 0.895011 0.895011 2 1 
0.610689 0.894149 0.894149 2 1 
0.610453 0.893288 0.893288 2 1 
0.610216 0.892427 0.892427 2 1 
0.609977 0.891566 0.891566 2 1 
0.609736 0.890706 0.890706 2 1 
0.609493 0.889846 0.889846 2 1 
0.609248 0.888987 0.888987 2 1 
0.609001 0.888129 0.888129 2 1 
0.608753 0.88727 0.88727 2 1 
0.608503 0.886413 0.886413 2 1 
0.60825 0.885556 0.885556 2 1 
0.607997 0.884699 0.884699 2 1 
0.607741 0.883843 0.883843 2 1 
0.607483 0.882987 0.882987 2 1 
0.607224 0.882132 0.882132 2 1 
0.606963 0.881277 0.881277 2 1 
0.606699 0.880423 0.880423 2 1 
0.606435 0.87957 0.87957 2 1 
0.606168 0.878717 0.878717 2 1 
0.6059 0.877864 0.877864 2 1 
0.60563 0.877012 0.877012 2 1 
0.605358 0.876161 0.876161 2 1 
0.605084 0.87531 0.87531 2 1 
0.604808 0.874459 0.874459 2 1 
0.604531 0.873609 0.873609 2 1 
0.604252 0.87276 0.87276 2 1 
0.603971 0.871911 0.871911 2 1 
0.603689 0.871063 0.871063 2 1 
0.603405 0.870215 0.870215 2 1 
0.603119 0.869368 0.869368 2 1 
0.602831 0.868521 0.868521 2 1 
0.602542 0.867675 0.867675 2 1 
0.602251 0.866829 0.866829 2 1 
0.601958 0.865984 0.865984 2 1 
0.601663 0.86514 0.86514 2 1 
0.601367 0.864296 0.864296 2 1 
0.601069 0.863452 0.863452 2 1 
0.60077 0.862609 0.862609 2 1 
0.600469 0.861767 0.861767 2 1 
0.600166 0.860926 0.860926 2 1 
0.599861 0.860084 0.860084 2 1 
0.599555 0.859244 0.859244 2 1 
0.599247 0.858404 0.858404 2 1 
0.598937 0.857564 0.857564 2 1 
0.598626 0.856726 0.856726 2 1 
0.598313 0.855887 0.855887 2 1 
0.597998 0.85505 0.85505 2 1 
0.597682 0.854212 0.854212 2 1 
0.597364 0.853376 0.853376 2 1 
0.597045 0.85254 0.85254 2 1 
0.596724 0.851705 0.851705 2 1 
0.596401 0.85087 0.85087 2 1 
0.596077 0.850036 0.850036 2 1 
0.595751 0.849202 0.849202 2 1 
0.595424 0.848369 0.848369 2 1 
0.595095 0.847537 0.847537 2 1 
0.594764 0.846705 0.846705 2 1 
0.594432 0.845873 0.845873 2 1 
0.594098 0.845043 0.845043 2 1 
0.593763 0.844213 0.844213 2 1 
0.593426 0.843383 0.843383 2 1 
0.593087 0.842554 0.842554 2 1 
0.592747 0.841726 0.841726 2 1 
0.592371 0.840816 0.840816 2 1 
0.591993 0.839906 0.839906 2 1 
0.591614 0.838997 0.838997 2 1 
0.591232 0.838089 0.838089 2 1 
0.590849 0.837182 0.837182 2 1 
0.590464 0.836275 0.836275 2 1 
0.590077 0.835369 0.835369 2 1 
0.589688 0.834464 0.834464 2 1 
0.589297 0.833559 0.833559 2 1 
0.588905 0.832655 0.832655 2 1 
0.588511 0.831752 0.831752 2 1 
0.588115 0.83085 0.83085 2 1 
0.587717 0.829949 0.829949 2 1 
0.587317 0.829048 0.829048 2 1 
0.586916 0.828148 0.828148 2 1 
0.586513 0.827249 0.827249 2 1 
0.586108 0.82635 0.82635 2 1 
0.585701 0.825452 0.825452 2 1 
0.585292 0.824555 0.824555 2 1 
0.584882 0.823659 0.823659 2 1 
0.58447 0.822764 0.822764 2 1 
0.584056 0.821869 0.821869 2 1 
0.583641 0.820975 0.820975 2 1 
0.583224 0.820082 0.820082 2 1 
0.582805 0.819189 0.819189 2 1 
0.582384 0.818298 0.818298 2 1 
0.581962 0.817407 0.817407 2 1 
0.581538 0.816517 0.816517 2 1 
0.581112 0.815627 0.815627 2 1 
0.580685 0.814739 0.814739 2 1 
0.580256 0.813851 0.813851 2 1 
0.579825 0.812964 0.812964 2 1 
0.579393 0.812077 0.812077 2 1 
0.578959 0.811192 0.811192 2 1 
0.578523 0.810307 0.810307 2 1 
0.578086 0.809423 0.809423 2 1 
0.577647 0.80854 0.80854 2 1 
0.577206 0.807657 0.807657 2 1 
0.576764 0.806776 0.806776 2 1 
0.57632 0.805895 0.805895 2 1 
0.575875 0.805015 0.805015 2 1 
0.575428 0.804135 0.804135 2 1 
0.574979 0.803257 0.803257 2 1 
0.574529 0.802379 0.802379 2 1 
0.574077 0.801502 0.801502 2 1 
0.573623 0.800626 0.800626 2 1 
0.573168 0.79975 0.79975 2 1 
0.572712 0.798876 0.798876 2 1 
0.572254 0.798002 0.798002 2 1 
0.571794 0.797129 0.797129 2 1 
0.571333 0.796257 0.796257 2 1 
0.57087 0.795385 0.795385 2 1 
0.570406 0.794514 0.794514 2 1 
0.56994 0.793644 0.793644 2 1 
0.569472 0.792775 0.792775 2 1 
0.569003 0.791907 0.791907 2 1 
0.568533 0.791039 0.791039 2 1 
0.568061 0.790172 0.790172 2 1 
0.567587 0.789306 0.789306 2 1 
0.567113 0.788441 0.788441 2 1 
0.566636 0.787576 0.787576 2 1 
0.566158 0.786713 0.786713 2 1 
0.565679 0.78585 0.78585 2 1 
0.565198 0.784988 0.784988 2 1 
0.564715 0.784126 0.784126 2 1 
0.564232 0.783266 0.783266 2 1 
0.563746 0.782406 0.782406 2 1 
0.56326 0.781547 0.781547 2 1 
0.562771 0.780689 0.780689 2 1 
0.562233 0.779746 0.779746 2 1 
0.561692 0.778804 0.778804 2 1 
0.56115 0.777863 0.777863 2 1 
0.560606 0.776922 0.776922 2 1 
0.560061 0.775983 0.775983 2 1 
0.559514 0.775045 0.775045 2 1 
0.558965 0.774107 0.774107 2 1 
0.558414 0.773171 0.773171 2 1 
0.557862 0.772236 0.772236 2 1 
0.557308 0.771301 0.771301 2 1 
0.556752 0.770368 0.770368 2 1 
0.556195 0.769435 0.769435 2 1 
0.555636 0.768503 0.768503 2 1 
0.555075 0.767573 0.767573 2 1 
0.554513 0.766643 0.766643 2 1 
0.553949 0.765714 0.765714 2 1 
0.553383 0.764786 0.764786 2 1 
0.552816 0.763859 0.763859 2 1 
0.552247 0.762933 0.762933 2 1 
0.551677 0.762008 0.762008 2 1 
0.551105 0.761084 0.761084 2 1 
0.550531 0.760161 0.760161 2 1 
0.549956 0.759239 0.759239 2 1 
0.54938 0.758318 0.758318 2 1 
0.548801 0.757398 0.757398 2 1 
0.548221 0.756478 0.756478 2 1 
0.54764 0.75556 0.75556 2 1 
0.547057 0.754643 0.754643 2 1 
0.546473 0.753726 0.753726 2 1 
0.545886 0.752811 0.752811 2 1 
0.545299 0.751896 0.751896 2 1 
0.54471 0.750983 0.750983 2 1 
0.544119 0.75007 0.75007 2 1 
0.543527 0.749158 0.749158 2 1 
0.542933 0.748248 0.748248 2 1 
0.542338 0.747338 0.747338 2 1 
0.541742 0.746429 0.746429 2 1 
0.541144 0.745521 0.745521 2 1 
0.540544 0.744614 0.744614 2 1 
0.539943 0.743708 0.743708 2 1 
0.53934 0.742803 0.742803 2 1 
0.538736 0.741899 0.741899 2 1 
0.538131 0.740995 0.740995 2 1 
0.537524 0.740093 0.740093 2 1 
0.536916 0.739192 0.739192 2 1 
0.536306 0.738291 0.738291 2 1 
0.535695 0.737392 0.737392 2 1 
0.535082 0.736493 0.736493 2 1 
0.534468 0.735596 0.735596 2 1 
0.533853 0.734699 0.734699 2 1 
0.533236 0.733803 0.733803 2 1 
0.532618 0.732909 0.732909 2 1 
0.531998 0.732015 0.732015 2 1 
0.531377 0.731122 0.731122 2 1 
0.530755 0.73023 0.73023 2 1 
0.530131 0.729339 0.729339 2 1 
0.529443 0.72836 0.72836 2 1 
0.528754 0.727382 0.727382 2 1 
0.528063 0.726405 0.726405 2 1 
0.52737 0.725429 0.725429 2 1 
0.526676 0.724455 0.724455 2 1 
0.52598 0.723481 0.723481 2 1 
0.525282 0.722509 0.722509 2 1 
0.524583 0.721538 0.721538 2 1 
0.523883 0.720568 0.720568 2 1 
0.52318 0.719599 0.719599 2 1 
0.522477 0.718631 0.718631 2 1 
0.521771 0.717664 0.717664 2 1 
0.521064 0.716698 0.716698 2 1 
0.520356 0.715734 0.715734 2 1 
0.519646 0.71477 0.71477 2 1 
0.518934 0.713808 0.713808 2 1 
0.518221 0.712847 0.712847 2 1 
0.517506 0.711887 0.711887 2 1 
0.51679 0.710928 0.710928 2 1 
0.516072 0.70997 0.70997 2 1 
0.515353 0.709013 0.709013 2 1 
0.514632 0.708057 0.708057 2 1 
0.51391 0.707103 0.707103 2 1 
0.513186 0.706149 0.706149 2 1 
0.512461 0.705197 0.705197 2 1 
0.511734 0.704245 0.704245 2 1 
0.511006 0.703295 0.703295 2 1 
0.510277 0.702346 0.702346 2 1 
0.509546 0.701398 0.701398 2 1 
0.508813 0.700451 0.700451 2 1 
0.508079 0.699505 0.699505 2 1 
0.507344 0.69856 0.69856 2 1 
0.506607 0.697617 0.697617 2 1 
0.505869 0.696674 0.696674 2 1 
0.505129 0.695733 0.695733 2 1 
0.504388 0.694792 0.694792 2 1 
0.503646 0.693853 0.693853 2 1 
0.502902 0.692914 0.692914 2 1 
0.502157 0.691977 0.691977 2 1 
0.50141 0.691041 0.691041 2 1 
0.500662 0.690106 0.690106 2 1 
0.499913 0.689172 0.689172 2 1 
0.499162 0.688239 0.688239 2 1 
0.49841 0.687307 0.687307 2 1 
0.497657 0.686377 0.686377 2 1 
0.496902 0.685447 0.685447 2 1 
0.496146 0.684518 0.684518 2 1 
0.495389 0.683591 0.683591 2 1 
0.49463 0.682664 0.682664 2 1 
0.49387 0.681739 0.681739 2 1 
0.493109 0.680814 0.680814 2 1 
0.492346 0.679891 0.679891 2 1 
0.491506 0.678877 0.678877 2 1 
0.490664 0.677863 0.677863 2 1 
0.48982 0.676852 0.676852 2 1 
0.488975 0.675841 0.675841 2 1 
0.488128 0.674832 0.674832 2 1 
0.48728 0.673823 0.673823 2 1 
0.486431 0.672817 0.672817 2 1 
0.485579 0.671811 0.671811 2 1 
0.484727 0.670807 0.670807 2 1 
0.483872 0.669804 0.669804 2 1 
0.483017 0.668802 0.668802 2 1 
0.482159 0.667801 0.667801 2 1 
0.481301 0.666802 0.666802 2 1 
0.480441 0.665804 0.665804 2 1 
0.479579 0.664807 0.664807 2 1 
0.478716 0.663812 0.663812 2 1 
0.477851 0.662818 0.662818 2 1 
0.476985 0.661825 0.661825 2 1 
0.476118 0.660833 0.660833 2 1 
0.475249 0.659842 0.659842 2 1 
0.474379 0.658853 0.658853 2 1 
0.473507 0.657865 0.657865 2 1 
0.472634 0.656878 0.656878 2 1 
0.471759 0.655892 0.655892 2 1 
0.470884 0.654908 0.654908 2 1 
0.470006 0.653925 0.653925 2 1 
0.469128 0.652943 0.652943 2 1 
0.468247 0.651962 0.651962 2 1 
0.467366 0.650983 0.650983 2 1 
0.466483 0.650004 0.650004 2 1 
0.465599 0.649027 0.649027 2 1 
0.464714 0.648051 0.648051 2 1 
0.463827 0.647077 0.647077 2 1 
0.462939 0.646103 0.646103 2 1 
0.462049 0.645131 0.645131 2 1 
0.461158 0.64416 0.64416 2 1 
0.460266 0.64319 0.64319 2 1 
0.459373 0.642222 0.642222 2 1 
0.458478 0.641254 0.641254 2 1 
0.457582 0.640288 0.640288 2 1 
0.456684 0.639323 0.639323 2 1 
0.455786 0.638359 0.638359 2 1 
0.454886 0.637397 0.637397 2 1 
0.453984 0.636435 0.636435 2 1 
0.453082 0.635475 0.635475 2 1 
0.452178 0.634516 0.634516 2 1 
0.451273 0.633558 0.633558 2 1 
0.450367 0.632601 0.632601 2 1 
0.449459 0.631646 0.631646 2 1 
0.448551 0.630691 0.630691 2 1 
0.447641 0.629738 0.629738 2 1 
0.446638 0.628691 0.628691 2 1 
0.445635 0.627645 0.627645 2 1 
0.444629 0.626601 0.626601 2 1 
0.443622 0.625558 0.625558 2 1 
0.442614 0.624516 0.624516 2 1 
0.441604 0.623476 0.623476 2 1 
0.440593 0.622437 0.622437 2 1 
0.439581 0.6214 0.6214 2 1 
0.438567 0.620364 0.620364 2 1 
0.437551 0.61933 0.61933 2 1 
0.436534 0.618296 0.618296 2 1 
0.435516 0.617265 0.617265 2 1 
0.434497 0.616234 0.616234 2 1 
0.433476 0.615205 0.615205 2 1 
0.432453 0.614178 0.614178 2 1 
0.431429 0.613151 0.613151 2 1 
0.430404 0.612126 0.612126 2 1 
0.429378 0.611103 0.611103 2 1 
0.42835 0.610081 0.610081 2 1 
0.427321 0.60906 0.60906 2 1 
0.42629 0.608041 0.608041 2 1 
0.425258 0.607022 0.607022 2 1 
0.424225 0.606006 0.606006 2 1 
0.423191 0.60499 0.60499 2 1 
0.422155 0.603976 0.603976 2 1 
0.421118 0.602964 0.602964 2 1 
0.420079 0.601952 0.601952 2 1 
0.41904 0.600942 0.600942 2 1 
0.417999 0.599934 0.599934 2 1 
0.416956 0.598927 0.598927 2 1 
0.415913 0.597921 0.597921 2 1 
0.414868 0.596916 0.596916 2 1 
0.413822 0.595913 0.595913 2 1 
0.412774 0.594911 0.594911 2 1 
0.411726 0.59391 0.59391 2 1 
0.410676 0.592911 0.592911 2 1 
0.409625 0.591913 0.591913 2 1 
0.408572 0.590916 0.590916 2 1 
0.407519 0.589921 0.589921 2 1 
0.406464 0.588926 0.588926 2 1 
0.405408 0.587934 0.587934 2 1 
0.404351 0.586942 0.586942 2 1 
0.403293 0.585952 0.585952 2 1 
0.402233 0.584963 0.584963 2 1 
0.401172 0.583976 0.583976 2 1 
0.40011 0.582989 0.582989 2 1 
0.399047 0.582004 0.582004 2 1 
0.397983 0.581021 0.581021 2 1 
0.396918 0.580038 0.580038 2 1 
0.395851 0.579057 0.579057 2 1 
0.394783 0.578077 0.578077 2 1 
0.393714 0.577099 0.577099 2 1 
0.392537 0.576024 0.576024 2 1 
0.391359 0.57495 0.57495 2 1 
0.390179 0.573879 0.573879 2 1 
0.388998 0.572808 0.572808 2 1 
0.387815 0.571739 0.571739 2 1 
0.386631 0.570672 0.570672 2 1 
0.385446 0.569606 0.569606 2 1 
0.384259 0.568542 0.568542 2 1 
0.383071 0.56748 0.56748 2 1 
0.381882 0.566418 0.566418 2 1 
0.380691 0.565359 0.565359 2 1 
0.3795 0.564301 0.564301 2 1 
0.378306 0.563244 0.563244 2 1 
0.377112 0.562189 0.562189 2 1 
0.375916 0.561135 0.561135 2 1 
0.374719 0.560083 0.560083 2 1 
0.373521 0.559032 0.559032 2 1 
0.372321 0.557983 0.557983 2 1 
0.371121 0.556935 0.556935 2 1 
0.369919 0.555889 0.555889 2 1 
0.368715 0.554844 0.554844 2 1 
0.367511 0.553801 0.553801 2 1 
0.366305 0.552759 0.552759 2 1 
0.365098 0.551719 0.551719 2 1 
0.36389 0.55068 0.55068 2 1 
0.362681 0.549643 0.549643 2 1 
0.36147 0.548607 0.548607 2 1 
0.360258 0.547572 0.547572 2 1 
0.359045 0.546539 0.546539 2 1 
0.357831 0.545508 0.545508 2 1 
0.356616 0.544478 0.544478 2 1 
0.355399 0.543449 0.543449 2 1 
0.354181 0.542422 0.542422 2 1 
0.352963 0.541396 0.541396 2 1 
0.351743 0.540371 0.540371 2 1 
0.350521 0.539349 0.539349 2 1 
0.349299 0.538327 0.538327 2 1 
0.348076 0.537307 0.537307 2 1 
0.346851 0.536288 0.536288 2 1 
0.345625 0.535271 0.535271 2 1 
0.344399 0.534255 0.534255 2 1 
0.343171 0.533241 0.533241 2 1 
0.341942 0.532228 0.532228 2 1 
0.340712 0.531216 0.531216 2 1 
0.33948 0.530206 0.530206 2 1 
0.338248 0.529197 0.529197 2 1 
0.337015 0.52819 0.52819 2 1 
0.33578 0.527184 0.527184 2 1 
0.334545 0.52618 0.52618 2 1 
0.333308 0.525176 0.525176 2 1 
0.33207 0.524175 0.524175 2 1 
0.330831 0.523174 0.523174 2 1 
0.329592 0.522175 0.522175 2 1 
0.328351 0.521178 0.521178 2 1 
0.327109 0.520181 0.520181 2 1 
0.325866 0.519186 0.519186 2 1 
0.324622 0.518193 0.518193 2 1 
0.323253 0.517102 0.517102 2 1 
0.321882 0.516012 0.516012 2 1 
0.32051 0.514924 0.514924 2 1 
0.319137 0.513838 0.513838 2 1 
0.317762 0.512753 0.512753 2 1 
0.316386 0.51167 0.51167 2 1 
0.31501 0.510589 0.510589 2 1 
0.313632 0.509509 0.509509 2 1 
0.312252 0.508431 0.508431 2 1 
0.310872 0.507354 0.507354 2 1 
0.30949 0.506279 0.506279 2 1 
0.308108 0.505206 0.505206 2 1 
0.306724 0.504134 0.504134 2 1 
0.305339 0.503064 0.503064 2 1 
0.303953 0.501996 0.501996 2 1 
0.302565 0.500929 0.500929 2 1 
0.301177 0.499864 0.499864 2 1 
0.299787 0.4988 0.4988 2 1 
0.298397 0.497738 0.497738 2 1 
0.297005 0.496677 0.496677 2 1 
0.295612 0.495619 0.495619 2 1 
0.294218 0.494561 0.494561 2 1 
0.292823 0.493506 0.493506 2 1 
0.291426 0.492451 0.492451 2 1 
0.290029 0.491399 0.491399 2 1 
0.288631 0.490348 0.490348 2 1 
0.287231 0.489298 0.489298 2 1 
0.285831 0.488251 0.488251 2 1 
0.284429 0.487204 0.487204 2 1 
0.283027 0.48616 0.48616 2 1 
0.281623 0.485116 0.485116 2 1 
0.280218 0.484075 0.484075 2 1 
0.278813 0.483035 0.483035 2 1 
0.277406 0.481996 0.481996 2 1 
0.275998 0.480959 0.480959 2 1 
0.274589 0.479924 0.479924 2 1 
0.273179 0.47889 0.47889 2 1 
0.271768 0.477857 0.477857 2 1 
0.270357 0.476826 0.476826 2 1 
0.268944 0.475797 0.475797 2 1 
0.26753 0.474769 0.474769 2 1 
0.266115 0.473743 0.473743 2 1 
0.264699 0.472718 0.472718 2 1 
0.263283 0.471695 0.471695 2 1 
0.261865 0.470673 0.470673 2 1 
0.260446 0.469653 0.469653 2 1 
0.259027 0.468634 0.468634 2 1 
0.257606 0.467617 0.467617 2 1 
0.256184 0.466601 0.466601 2 1 
0.254762 0.465587 0.465587 2 1 
0.253339 0.464574 0.464574 2 1 
0.251914 0.463563 0.463563 2 1 
0.250489 0.462553 0.462553 2 1 
0.249063 0.461545 0.461545 2 1 
0.247636 0.460538 0.460538 2 1 
0.246208 0.459533 0.459533 2 1 
0.244779 0.458529 0.458529 2 1 
0.243349 0.457527 0.457527 2 1 
0.241918 0.456526 0.456526 2 1 
0.240487 0.455527 0.455527 2 1 
0.239054 0.454529 0.454529 2 1 
0.237621 0.453532 0.453532 2 1 
0.236186 0.452537 0.452537 2 1 
0.234751 0.451544 0.451544 2 1 
0.233315 0.450552 0.450552 2 1 
0.231735 0.449462 0.449462 2 1 
0.230153 0.448374 0.448374 2 1 
0.228571 0.447288 0.447288 2 1 
0.226987 0.446204 0.446204 2 1 
0.225402 0.445121 0.445121 2 1 
0.223817 0.44404 0.44404 2 1 
0.22223 0.442961 0.442961 2 1 
0.220643 0.441883 0.441883 2 1 
0.219054 0.440808 0.440808 2 1 
0.217464 0.439734 0.439734 2 1 
0.215874 0.438662 0.438662 2 1 
0.214282 0.437591 0.437591 2 1 
0.21269 0.436522 0.436522 2 1 
0.211096 0.435455 0.435455 2 1 
0.209502 0.43439 0.43439 2 1 
0.207907 0.433326 0.433326 2 1 
0.20631 0.432264 0.432264 2 1 
0.204713 0.431204 0.431204 2 1 
0.203115 0.430145 0.430145 2 1 
0.201516 0.429089 0.429089 2 1 
0.199916 0.428033 0.428033 2 1 
0.198315 0.42698 0.42698 2 1 
0.196714 0.425928 0.425928 2 1 
0.195111 0.424878 0.424878 2 1 
0.193507 0.423829 0.423829 2 1 
0.191903 0.422783 0.422783 2 1 
0.190298 0.421738 0.421738 2 1 
0.188692 0.420694 0.420694 2 1 
0.187085 0.419652 0.419652 2 1 
0.185477 0.418612 0.418612 2 1 
0.183868 0.417574 0.417574 2 1 
0.182258 0.416537 0.416537 2 1 
0.180648 0.415502 0.415502 2 1 
0.179037 0.414469 0.414469 2 1 
0.177425 0.413437 0.413437 2 1 
0.175812 0.412407 0.412407 2 1 
0.174198 0.411378 0.411378 2 1 
0.172584 0.410351 0.410351 2 1 
0.170968 0.409326 0.409326 2 1 
0.169352 0.408302 0.408302 2 1 
0.167735 0.407281 0.407281 2 1 
0.166118 0.40626 0.40626 2 1 
0.164499 0.405241 0.405241 2 1 
0.16288 0.404224 0.404224 2 1 
0.16126 0.403209 0.403209 2 1 
0.159639 0.402195 0.402195 2 1 
0.158018 0.401183 0.401183 2 1 
0.156395 0.400172 0.400172 2 1 
0.154772 0.399163 0.399163 2 1 
0.153149 0.398156 0.398156 2 1 
0.151524 0.39715 0.39715 2 1 
0.149899 0.396146 0.396146 2 1 
0.148273 0.395143 0.395143 2 1 
0.146646 0.394142 0.394142 2 1 
0.145019 0.393143 0.393143 2 1 
0.143391 0.392145 0.392145 2 1 
0.141762 0.391149 0.391149 2 1 
0.140132 0.390154 0.390154 2 1 
0.138502 0.389161 0.389161 2 1 
0.136871 0.38817 0.38817 2 1 
0.13524 0.38718 0.38718 2 1 
0.133607 0.386192 0.386192 2 1 
0.131975 0.385205 0.385205 2 1 
0.130341 0.38422 0.38422 2 1 
0.128707 0.383237 0.383237 2 1 
0.127072 0.382255 0.382255 2 1 
0.125436 0.381274 0.381274 2 1 
0.1238 0.380295 0.380295 2 1 
0.122163 0.379318 0.379318 2 1 
0.120526 0.378342 0.378342 2 1 
0.118888 0.377368 0.377368 2 1 
0.117249 0.376396 0.376396 2 1 
0.11561 0.375425 0.375425 2 1 
0.11397 0.374455 0.374455 2 1 
0.112329 0.373487 0.373487 2 1 
0.110688 0.372521 0.372521 2 1 
0.109046 0.371556 0.371556 2 1 
0.107404 0.370593 0.370593 2 1 
0.105597 0.369535 0.369535 2 1 
0.103789 0.368479 0.368479 2 1 
0.10198 0.367425 0.367425 2 1 
0.100171 0.366372 0.366372 2 1 
0.098361 0.365322 0.365322 2 1 
0.0965503 0.364274 0.364274 2 1 
0.094739 0.363227 0.363227 2 1 
0.092927 0.362182 0.362182 2 1 
0.0911144 0.361139 0.361139 2 1 
0.0893011 0.360098 0.360098 2 1 
0.0874871 0.359058 0.359058 2 1 
0.0856726 0.358021 0.358021 2 1 
0.0838574 0.356985 0.356985 2 1 
0.0820416 0.355951 0.355951 2 1 
0.0802252 0.354919 0.354919 2 1 
0.0784082 0.353889 0.353889 2 1 
0.0765906 0.352861 0.352861 2 1 
0.0747724 0.351834 0.351834 2 1 
0.0729536 0.35081 0.35081 2 1 
0.0711342 0.349787 0.349787 2 1 
0.0693143 0.348766 0.348766 2 1 
0.0674938 0.347746 0.347746 2 1 
0.0656728 0.346729 0.346729 2 1 
0.0638512 0.345713 0.345713 2 1 
0.0620291 0.344699 0.344699 2 1 
0.0602064 0.343687 0.343687 2 1 
0.0583832 0.342677 0.342677 2 1 
0.0565595 0.341669 0.341669 2 1 
0.0547353 0.340662 0.340662 2 1 
0.0529105 0.339657 0.339657 2 1 
0.0510853 0.338654 0.338654 2 1 
0.0492596 0.337653 0.337653 2 1 
0.0474334 0.336653 0.336653 2 1 
0.0456067 0.335656 0.335656 2 1 
0.0437795 0.33466 0.33466 2 1 
0.0419519 0.333666 0.333666 2 1 
0.0401238 0.332673 0.332673 2 1 
0.0382953 0.331683 0.331683 2 1 
0.0364663 0.330694 0.330694 2 1 
0.0346369 0.329707 0.329707 2 1 
0.0328071 0.328722 0.328722 2 1 
0.0309768 0.327738 0.327738 2 1 
0.0291461 0.326757 0.326757 2 1 
0.027315 0.325777 0.325777 2 1 
0.0254835 0.324799 0.324799 2 1 
0.0236517 0.323822 0.323822 2 1 
0.0218194 0.322848 0.322848 2 1 
0.0199867 0.321875 0.321875 2 1 
0.0181537 0.320904 0.320904 2 1 
0.0163203 0.319934 0.319934 2 1 
0.0144865 0.318967 0.318967 2 1 
0.0126524 0.318001 0.318001 2 1 
0.010818 0.317037 0.317037 2 1 
0.00898319 0.316074 0.316074 2 1 
0.00714807 0.315114 0.315114 2 1 
0.00531262 0.314155 0.314155 2 1 
0.00347686 0.313198 0.313198 2 1 
0.00164078 0.312242 0.312242 2 1 
-0.000195593 0.311289 0.311289 2 1 
2 0.00267265 0.00267265 2 1 
1.98 0.00267271 0.00267271 1 1 
1.969 0.00267275 0.00267275 1 1 
1.9569 0.00267279 0.00267279 1 1 
1.94359 0.00267283 0.00267283 1 1 
1.92895 0.00267288 0.00267288 1 1 
1.91284 0.00267293 0.00267293 1 1 
1.89674 0.00267299 0.00267299 1 1 
1.88063 0.00267304 0.00267304 1 1 
1.86453 0.0026731 0.0026731 1 1 
1.84842 0.00267315 0.00267315 1 1 
1.83232 0.00267321 0.00267321 1 1 
1.81621 0.00267327 0.00267327 1 1 
1.80011 0.00267333 0.00267333 1 1 
1.784 0.00267339 0.00267339 1 1 
1.7679 0.00267345 0.00267345 1 1 
1.75179 0.00267351 0.00267351 1 1 
1.73569 0.00267357 0.00267357 1 1 
1.71958 0.00267363 0.00267363 1 1 
1.70348 0.0026737 0.0026737 1 1 
1.68737 0.00267376 0.00267376 1 1 
1.67127 0.00267382 0.00267382 1 1 
1.65516 0.00267389 0.00267389 1 1 
1.63906 0.00267395 0.00267395 1 1 
1.62295 0.00267402 0.00267402 1 1 
1.60685 0.00267409 0.00267409 1 1 
1.59074 0.00267416 0.00267416 1 1 
1.57464 0.00267423 0.00267423 1 1 
1.55853 0.0026743 0.0026743 1 1 
1.54243 0.00267437 0.00267437 1 1 
1.52632 0.00267444 0.00267444 1 1 
1.51022 0.00267451 0.00267451 1 1 
1.49411 0.00267459 0.00267459 1 1 
1.47801 0.00267466 0.00267466 1 1 
1.4619 0.00267474 0.00267474 1 1 
1.4458 0.00267482 0.00267482 1 1 
1.42969 0.00267489 0.00267489 1 1 
1.41359 0.00267497 0.00267497 1 1 
1.39748 0.00267505 0.00267505 1 1 
1.38138 0.00267513 0.00267513 1 1 
1.36527 0.00267522 0.00267522 1 1 
1.34917 0.0026753 0.0026753 1 1 
1.33306 0.00267538 0.00267538 1 1 
1.31696 0.00267547 0.00267547 1 1 
1.30085 0.00267556 0.00267556 1 1 
1.28475 0.00267564 0.00267564 1 1 
1.26864 0.00267573 0.00267573 1 1 
1.25254 0.00267582 0.00267582 1 1 
1.23643 0.00267592 0.00267592 1 1 
1.22033 0.00267601 0.00267601 1 1 
1.20422 0.00267611 0.00267611 1 1 
1.18812 0.0026762 0.0026762 1 1 
1.17201 0.0026763 0.0026763 1 1 
1.15591 0.0026764 0.0026764 1 1 
1.1398 0.0026765 0.0026765 1 1 
1.1237 0.0026766 0.0026766 1 1 
1.10759 0.0026767 0.0026767 1 1 
1.09149 0.00267681 0.00267681 1 1 
1.07538 0.00267692 0.00267692 1 1 
1.05928 0.00267702 0.00267702 1 1 
1.04317 0.00267713 0.00267713 1 1 
1.02707 0.00267725 0.00267725 1 1 
1.01096 0.00267736 0.00267736 1 1 
0.994858 0.00267748 0.00267748 1 1 
0.978753 0.00267759 0.00267759 1 1 
0.962648 0.00267771 0.00267771 1 1 
0.946544 0.00267784 0.00267784 1 1 
0.930439 0.00267796 0.00267796 1 1 
0.914334 0.00267808 0.00267808 1 1 
0.906281 0.00267815 0.00267815 1 1 
0.897424 0.00267822 0.00267822 1 1 
0.888566 0.00267829 0.00267829 1 1 
0.879708 0.00267836 0.00267836 1 1 
0.870851 0.00267843 0.00267843 1 1 
0.861993 0.00267851 0.00267851 1 1 
0.853135 0.00267858 0.00267858 1 1 
0.844278 0.00267866 0.00267866 1 1 
0.83542 0.00267873 0.00267873 1 1 
0.826562 0.00267881 0.00267881 1 1 
0.817705 0.00267889 0.00267889 1 1 
0.808847 0.00267896 0.00267896 1 1 
0.799989 0.00267904 0.00267904 1 1 
0.791132 0.00267912 0.00267912 1 1 
0.782274 0.0026792 0.0026792 1 1 
0.773416 0.00267928 0.00267928 1 1 
0.764559 0.00267936 0.00267936 1 1 
0.755701 0.00267945 0.00267945 1 1 
0.746843 0.00267953 0.00267953 1 1 
0.737986 0.00267961 0.00267961 1 1 
0.729128 0.0026797 0.0026797 1 1 
0.72027 0.00267979 0.00267979 1 1 
0.711413 0.00267987 0.00267987 1 1 
0.706984 0.00267992 0.00267992 1 1 
0.702112 0.00267996 0.00267996 1 1 
0.696753 0.00268002 0.00268002 1 1 
0.691395 0.00268007 0.00268007 1 1 
0.686036 0.00268013 0.00268013 1 1 
0.680677 0.00268018 0.00268018 1 1 
0.675318 0.00268024 0.00268024 1 1 
0.669959 0.00268029 0.00268029 1 1 
0.6646 0.00268035 0.00268035 1 1 
0.659241 0.0026804 0.0026804 1 1 
0.653883 0.00268046 0.00268046 1 1 
0.648524 0.00268052 0.00268052 1 1 
0.643165 0.00268057 0.00268057 1 1 
0.637806 0.00268063 0.00268063 1 1 
0.632447 0.00268069 0.00268069 1 1 
0.627088 0.00268075 0.00268075 1 1 
0.62173 0.00268081 0.00268081 1 1 
0.616371 0.00268086 0.00268086 1 1 
0.611012 0.00268092 0.00268092 1 1 
0.605653 0.00268098 0.00268098 1 1 
0.600294 0.00268104 0.00268104 1 1 
0.594935 0.00268111 0.00268111 1 1 
0.589577 0.00268117 0.00268117 1 1 
0.584218 0.00268123 0.00268123 1 1 
0.578859 0.00268129 0.00268129 1 1 
0.5735 0.00268135 0.00268135 1 1 
0.568141 0.00268141 0.00268141 1 1 
0.562782 0.00268148 0.00268148 1 1 
0.557424 0.00268154 0.00268154 1 1 
0.552065 0.00268161 0.00268161 1 1 
0.549385 0.00268164 0.00268164 1 1 
0.546438 0.00268167 0.00268167 1 1 
0.543196 0.00268171 0.00268171 1 1 
0.539954 0.00268175 0.00268175 1 1 
0.536712 0.00268179 0.00268179 1 1 
0.53347 0.00268183 0.00268183 1 1 
0.530228 0.00268187 0.00268187 1 1 
0.526986 0.00268191 0.00268191 1 1 
0.523744 0.00268195 0.00268195 1 1 
0.520501 0.00268199 0.00268199 1 1 
0.517259 0.00268203 0.00268203 1 1 
0.514017 0.00268207 0.00268207 1 1 
0.510775 0.00268212 0.00268212 1 1 
0.507533 0.00268216 0.00268216 1 1 
0.504291 0.0026822 0.0026822 1 1 
0.501049 0.00268224 0.00268224 1 1 
0.497807 0.00268228 0.00268228 1 1 
0.494565 0.00268232 0.00268232 1 1 
0.491323 0.00268237 0.00268237 1 1 
0.488081 0.00268241 0.00268241 1 1 
0.484839 0.00268245 0.00268245 1 1 
0.481597 0.00268249 0.00268249 1 1 
0.478355 0.00268254 0.00268254 1 1 
0.475113 0.00268258 0.00268258 1 1 
0.471871 0.00268262 0.00268262 1 1 
0.468628 0.00268267 0.00268267 1 1 
0.465386 0.00268271 0.00268271 1 1 
0.462144 0.00268275 0.00268275 1 1 
0.458902 0.0026828 0.0026828 1 1 
0.45566 0.00268284 0.00268284 1 1 
0.452418 0.00268289 0.00268289 1 1 
0.449176 0.00268293 0.00268293 1 1 
0.445934 0.00268297 0.00268297 1 1 
0.442692 0.00268302 0.00268302 1 1 
0.43945 0.00268306 0.00268306 1 1 
0.436208 0.00268311 0.00268311 1 1 
0.432966 0.00268316 0.00268316 1 1 
0.429724 0.0026832 0.0026832 1 1 
0.426482 0.00268325 0.00268325 1 1 
0.42324 0.00268329 0.00268329 1 1 
0.419998 0.00268334 0.00268334 1 1 
0.416756 0.00268339 0.00268339 1 1 
0.413514 0.00268343 0.00268343 1 1 
0.410272 0.00268348 0.00268348 1 1 
0.40703 0.00268353 0.00268353 1 1 
0.405409 0.00268355 0.00268355 1 1 
0.403626 0.00268358 0.00268358 1 1 
0.401664 0.00268361 0.00268361 1 1 
0.399703 0.00268364 0.00268364 1 1 
0.397741 0.00268367 0.00268367 1 1 
0.39578 0.00268369 0.00268369 1 1 
0.393818 0.00268372 0.00268372 1 1 
0.391857 0.00268375 0.00268375 1 1 
0.389896 0.00268378 0.00268378 1 1 
0.387934 0.00268381 0.00268381 1 1 
0.385973 0.00268384 0.00268384 1 1 
0.384011 0.00268387 0.00268387 1 1 
0.38205 0.0026839 0.0026839 1 1 
0.380088 0.00268393 0.00268393 1 1 
0.378127 0.00268396 0.00268396 1 1 
0.376166 0.00268399 0.00268399 1 1 
0.374204 0.00268402 0.00268402 1 1 
0.372243 0.00268405 0.00268405 1 1 
0.370281 0.00268408 0.00268408 1 1 
0.36832 0.00268411 0.00268411 1 1 
0.366358 0.00268414 0.00268414 1 1 
0.364397 0.00268417 0.00268417 1 1 
0.362436 0.0026842 0.0026842 1 1 
0.360474 0.00268423 0.00268423 1 1 
0.358513 0.00268426 0.00268426 1 1 
0.356551 0.00268429 0.00268429 1 1 
0.35459 0.00268433 0.00268433 1 1 
0.352629 0.00268436 0.00268436 1 1 
0.350667 0.00268439 0.00268439 1 1 
0.348706 0.00268442 0.00268442 1 1 
0.346744 0.00268445 0.00268445 1 1 
0.344783 0.00268448 0.00268448 1 1 
0.342821 0.00268451 0.00268451 1 1 
0.34086 0.00268454 0.00268454 1 1 
0.338899 0.00268458 0.00268458 1 1 
0.336937 0.00268461 0.00268461 1 1 
0.334976 0.00268464 0.00268464 1 1 
0.333014 0.00268467 0.00268467 1 1 
0.331053 0.0026847 0.0026847 1 1 
0.329092 0.00268474 0.00268474 1 1 
0.32713 0.00268477 0.00268477 1 1 
0.325169 0.0026848 0.0026848 1 1 
0.323207 0.00268483 0.00268483 1 1 
0.321246 0.00268487 0.00268487 1 1 
0.319285 0.0026849 0.0026849 1 1 
0.317323 0.00268493 0.00268493 1 1 
0.315362 0.00268496 0.00268496 1 1 
0.3134 0.002685 0.002685 1 1 
0.311439 0.00268503 0.00268503 1 1 
0.309478 0.00268506 0.00268506 1 1 
0.307516 0.0026851 0.0026851 1 1 
0.305555 0.00268513 0.00268513 1 1 
0.303593 0.00268516 0.00268516 1 1 
0.301632 0.0026852 0.0026852 1 1 
0.299671 0.00268523 0.00268523 1 1 
0.297709 0.00268526 0.00268526 1 1 
0.295748 0.0026853 0.0026853 1 1 
0.293786 0.00268533 0.00268533 1 1 
0.291825 0.00268537 0.00268537 1 1 
0.289864 0.0026854 0.0026854 1 1 
0.287902 0.00268543 0.00268543 1 1 
0.285941 0.00268547 0.00268547 1 1 
0.283979 0.0026855 0.0026855 1 1 
0.282018 0.00268554 0.00268554 1 1 
0.280057 0.00268557 0.00268557 1 1 
0.278095 0.00268561 0.00268561 1 1 
0.276134 0.00268564 0.00268564 1 1 
0.274173 0.00268568 0.00268568 1 1 
0.273192 0.00268569 0.00268569 1 1 
0.272113 0.00268571 0.00268571 1 1 
0.270926 0.00268574 0.00268574 1 1 
0.26974 0.00268576 0.00268576 1 1 
0.268553 0.00268578 0.00268578 1 1 
0.267366 0.0026858 0.0026858 1 1 
0.26618 0.00268582 0.00268582 1 1 
0.264993 0.00268584 0.00268584 1 1 
0.263807 0.00268586 0.00268586 1 1 
0.26262 0.00268589 0.00268589 1 1 
0.261433 0.00268591 0.00268591 1 1 
0.260247 0.00268593 0.00268593 1 1 
0.25906 0.00268595 0.00268595 1 1 
0.257873 0.00268597 0.00268597 1 1 
0.256687 0.00268599 0.00268599 1 1 
0.2555 0.00268602 0.00268602 1 1 
0.254314 0.00268604 0.00268604 1 1 
0.253127 0.00268606 0.00268606 1 1 
0.25194 0.00268608 0.00268608 1 1 
0.250754 0.0026861 0.0026861 1 1 
0.249567 0.00268613 0.00268613 1 1 
0.24838 0.00268615 0.00268615 1 1 
0.247194 0.00268617 0.00268617 1 1 
0.246007 0.00268619 0.00268619 1 1 
0.24482 0.00268621 0.00268621 1 1 
0.243634 0.00268624 0.00268624 1 1 
0.242447 0.00268626 0.00268626 1 1 
0.241261 0.00268628 0.00268628 1 1 
0.240074 0.0026863 0.0026863 1 1 
0.238887 0.00268633 0.00268633 1 1 
0.237701 0.00268635 0.00268635 1 1 
0.236514 0.00268637 0.00268637 1 1 
0.235327 0.00268639 0.00268639 1 1 
0.234141 0.00268642 0.00268642 1 1 
0.232954 0.00268644 0.00268644 1 1 
0.231768 0.00268646 0.00268646 1 1 
0.230581 0.00268648 0.00268648 1 1 
0.229394 0.00268651 0.00268651 1 1 
0.228208 0.00268653 0.00268653 1 1 
0.227021 0.00268655 0.00268655 1 1 
0.225834 0.00268658 0.00268658 1 1 
0.224648 0.0026866 0.0026866 1 1 
0.223461 0.00268662 0.00268662 1 1 
0.222275 0.00268665 0.00268665 1 1 
0.221088 0.00268667 0.00268667 1 1 
0.219901 0.00268669 0.00268669 1 1 
0.218715 0.00268671 0.00268671 1 1 
0.217528 0.00268674 0.00268674 1 1 
0.216341 0.00268676 0.00268676 1 1 
0.215155 0.00268678 0.00268678 1 1 
0.213968 0.00268681 0.00268681 1 1 
0.212782 0.00268683 0.00268683 1 1 
0.211595 0.00268685 0.00268685 1 1 
0.210408 0.00268688 0.00268688 1 1 
0.209222 0.0026869 0.0026869 1 1 
0.208035 0.00268693 0.00268693 1 1 
0.206848 0.00268695 0.00268695 1 1 
0.205662 0.00268697 0.00268697 1 1 
0.204475 0.002687 0.002687 1 1 
0.203289 0.00268702 0.00268702 1 1 
0.202102 0.00268704 0.00268704 1 1 
0.200915 0.00268707 0.00268707 1 1 
0.199729 0.00268709 0.00268709 1 1 
0.198542 0.00268712 0.00268712 1 1 
0.197356 0.00268714 0.00268714 1 1 
0.196169 0.00268716 0.00268716 1 1 
0.194982 0.00268719 0.00268719 1 1 
0.193796 0.00268721 0.00268721 1 1 
0.192609 0.00268724 0.00268724 1 1 
0.191422 0.00268726 0.00268726 1 1 
0.190236 0.00268729 0.00268729 1 1 
0.189049 0.00268731 0.00268731 1 1 
0.187863 0.00268733 0.00268733 1 1 
0.186676 0.00268736 0.00268736 1 1 
0.185489 0.00268738 0.00268738 1 1 
0.184303 0.00268741 0.00268741 1 1 
0.183116 0.00268743 0.00268743 1 1 
0.18193 0.00268746 0.00268746 1 1 
0.180743 0.00268748 0.00268748 1 1 
0.179556 0.00268751 0.00268751 1 1 
0.17837 0.00268753 0.00268753 1 1 
0.177183 0.00268756 0.00268756 1 1 
0.175996 0.00268758 0.00268758 1 1 
0.17481 0.00268761 0.00268761 1 1 
0.173623 0.00268763 0.00268763 1 1 
0.172437 0.00268766 0.00268766 1 1 
0.17125 0.00268768 0.00268768 1 1 
0.170063 0.00268771 0.00268771 1 1 
0.168877 0.00268773 0.00268773 1 1 
0.16769 0.00268776 0.00268776 1 1 
0.166504 0.00268778 0.00268778 1 1 
0.165317 0.00268781 0.00268781 1 1 
0.16413 0.00268783 0.00268783 1 1 
0.162944 0.00268786 0.00268786 1 1 
0.161757 0.00268788 0.00268788 1 1 
0.160571 0.00268791 0.00268791 1 1 
0.159384 0.00268794 0.00268794 1 1 
0.158197 0.00268796 0.00268796 1 1 
0.157011 0.00268799 0.00268799 1 1 
0.155824 0.00268801 0.00268801 1 1 
0.154638 0.00268804 0.00268804 1 1 
0.153451 0.00268806 0.00268806 1 1 
0.152858 0.00268808 0.00268808 1 1 
0.152205 0.00268809 0.00268809 1 1 
0.151487 0.00268811 0.00268811 1 1 
0.150769 0.00268812 0.00268812 1 1 
0.150051 0.00268814 0.00268814 1 1 
0.149334 0.00268815 0.00268815 1 1 
0.148616 0.00268817 0.00268817 1 1 
0.147898 0.00268819 0.00268819 1 1 
0.14718 0.0026882 0.0026882 1 1 
0.146462 0.00268822 0.00268822 1 1 
0.145744 0.00268823 0.00268823 1 1 
0.145026 0.00268825 0.00268825 1 1 
0.144308 0.00268827 0.00268827 1 1 
0.14359 0.00268828 0.00268828 1 1 
0.142872 0.0026883 0.0026883 1 1 
0.142155 0.00268831 0.00268831 1 1 
0.141437 0.00268833 0.00268833 1 1 
0.140719 0.00268835 0.00268835 1 1 
0.140001 0.00268836 0.00268836 1 1 
0.139283 0.00268838 0.00268838 1 1 
0.138565 0.00268839 0.00268839 1 1 
0.137847 0.00268841 0.00268841 1 1 
0.137129 0.00268843 0.00268843 1 1 
0.136411 0.00268844 0.00268844 1 1 
0.135694 0.00268846 0.00268846 1 1 
0.134976 0.00268847 0.00268847 1 1 
0.134258 0.00268849 0.00268849 1 1 
0.13354 0.00268851 0.00268851 1 1 
0.132822 0.00268852 0.00268852 1 1 
0.132104 0.00268854 0.00268854 1 1 
0.131386 0.00268856 0.00268856 1 1 
0.130668 0.00268857 0.00268857 1 1 
0.129951 0.00268859 0.00268859 1 1 
0.129233 0.00268861 0.00268861 1 1 
0.128515 0.00268862 0.00268862 1 1 
0.127797 0.00268864 0.00268864 1 1 
0.127079 0.00268865 0.00268865 1 1 
0.126361 0.00268867 0.00268867 1 1 
0.125643 0.00268869 0.00268869 1 1 
0.124925 0.0026887 0.0026887 1 1 
0.124207 0.00268872 0.00268872 1 1 
0.12349 0.00268874 0.00268874 1 1 
0.122772 0.00268875 0.00268875 1 1 
0.122054 0.00268877 0.00268877 1 1 
0.121336 0.00268879 0.00268879 1 1 
0.120618 0.0026888 0.0026888 1 1 
0.1199 0.00268882 0.00268882 1 1 
0.119182 0.00268884 0.00268884 1 1 
0.118464 0.00268885 0.00268885 1 1 
0.117746 0.00268887 0.00268887 1 1 
0.117029 0.00268889 0.00268889 1 1 
0.116311 0.0026889 0.0026889 1 1 
0.115593 0.00268892 0.00268892 1 1 
0.114875 0.00268894 0.00268894 1 1 
0.114157 0.00268895 0.00268895 1 1 
0.113439 0.00268897 0.00268897 1 1 
0.112721 0.00268899 0.00268899 1 1 
0.112003 0.002689 0.002689 1 1 
0.111286 0.00268902 0.00268902 1 1 
0.110568 0.00268904 0.00268904 1 1 
0.10985 0.00268906 0.00268906 1 1 
0.109132 0.00268907 0.00268907 1 1 
0.108414 0.00268909 0.00268909 1 1 
0.107696 0.00268911 0.00268911 1 1 
0.106978 0.00268912 0.00268912 1 1 
0.10626 0.00268914 0.00268914 1 1 
0.105542 0.00268916 0.00268916 1 1 
0.104825 0.00268917 0.00268917 1 1 
0.104107 0.00268919 0.00268919 1 1 
0.103389 0.00268921 0.00268921 1 1 
0.102671 0.00268923 0.00268923 1 1 
0.101953 0.00268924 0.00268924 1 1 
0.101235 0.00268926 0.00268926 1 1 
0.100517 0.00268928 0.00268928 1 1 
0.0997995 0.00268929 0.00268929 1 1 
0.0990816 0.00268931 0.00268931 1 1 
0.0983637 0.00268933 0.00268933 1 1 
0.0976458 0.00268935 0.00268935 1 1 
0.0969279 0.00268936 0.00268936 1 1 
0.0962101 0.00268938 0.00268938 1 1 
0.0954922 0.0026894 0.0026894 1 1 
0.0947743 0.00268942 0.00268942 1 1 
0.0940564 0.00268943 0.00268943 1 1 
0.0933386 0.00268945 0.00268945 1 1 
0.0926207 0.00268947 0.00268947 1 1 
0.0919028 0.00268949 0.00268949 1 1 
0.0911849 0.0026895 0.0026895 1 1 
0.0904671 0.00268952 0.00268952 1 1 
0.0897492 0.00268954 0.00268954 1 1 
0.0890313 0.00268956 0.00268956 1 1 
0.0883134 0.00268957 0.00268957 1 1 
0.0875956 0.00268959 0.00268959 1 1 
0.0868777 0.00268961 0.00268961 1 1 
0.0861598 0.00268963 0.00268963 1 1 
0.0854419 0.00268965 0.00268965 1 1 
0.0847241 0.00268966 0.00268966 1 1 
0.0840062 0.00268968 0.00268968 1 1 
0.0832883 0.0026897 0.0026897 1 1 
0.0825705 0.00268972 0.00268972 1 1 
0.0818526 0.00268973 0.00268973 1 1 
0.0811347 0.00268975 0.00268975 1 1 
0.0804168 0.00268977 0.00268977 1 1 
0.079699 0.00268979 0.00268979 1 1 
0.0789811 0.00268981 0.00268981 1 1 
0.0782632 0.00268982 0.00268982 1 1 
0.0775454 0.00268984 0.00268984 1 1 
0.0768275 0.00268986 0.00268986 1 1 
0.0761096 0.00268988 0.00268988 1 1 
0.0753918 0.0026899 0.0026899 1 1 
0.0746739 0.00268991 0.00268991 1 1 
0.073956 0.00268993 0.00268993 1 1 
0.0732381 0.00268995 0.00268995 1 1 
0.0725203 0.00268997 0.00268997 1 1 
0.0718024 0.00268999 0.00268999 1 1 
0.0710845 0.00269 0.00269 1 1 
0.0703667 0.00269002 0.00269002 1 1 
0.0696488 0.00269004 0.00269004 1 1 
0.0689309 0.00269006 0.00269006 1 1 
0.0682131 0.00269008 0.00269008 1 1 
0.0674952 0.0026901 0.0026901 1 1 
0.0667773 0.00269011 0.00269011 1 1 
0.0660595 0.00269013 0.00269013 1 1 
0.0653416 0.00269015 0.00269015 1 1 
0.0646237 0.00269017 0.00269017 1 1 
0.0639059 0.00269019 0.00269019 1 1 
0.063188 0.00269021 0.00269021 1 1 
0.0624701 0.00269023 0.00269023 1 1 
0.0617523 0.00269024 0.00269024 1 1 
0.0610344 0.00269026 0.00269026 1 1 
0.0603166 0.00269028 0.00269028 1 1 
0.0595987 0.0026903 0.0026903 1 1 
0.0588808 0.00269032 0.00269032 1 1 
0.058163 0.00269034 0.00269034 1 1 
0.0574451 0.00269036 0.00269036 1 1 
0.0567272 0.00269037 0.00269037 1 1 
0.0560094 0.00269039 0.00269039 1 1 
0.0552915 0.00269041 0.00269041 1 1 
0.0545737 0.00269043 0.00269043 1 1 
0.0538558 0.00269045 0.00269045 1 1 
0.0531379 0.00269047 0.00269047 1 1 
0.0524201 0.00269049 0.00269049 1 1 
0.0517022 0.00269051 0.00269051 1 1 
0.0509844 0.00269053 0.00269053 1 1 
0.0502665 0.00269054 0.00269054 1 1 
0.0495486 0.00269056 0.00269056 1 1 
0.0488308 0.00269058 0.00269058 1 1 
0.0481129 0.0026906 0.0026906 1 1 
0.0473951 0.00269062 0.00269062 1 1 
0.0466772 0.00269064 0.00269064 1 1 
0.0459593 0.00269066 0.00269066 1 1 
0.0452415 0.00269068 0.00269068 1 1 
0.0445236 0.0026907 0.0026907 1 1 
0.0438058 0.00269072 0.00269072 1 1 
0.0434468 0.00269073 0.00269073 1 1 
0.043052 0.00269074 0.00269074 1 1 
0.0426177 0.00269075 0.00269075 1 1 
0.0421834 0.00269076 0.00269076 1 1 
0.0417491 0.00269077 0.00269077 1 1 
0.0413148 0.00269078 0.00269078 1 1 
0.0408805 0.00269079 0.00269079 1 1 
0.0404462 0.00269081 0.00269081 1 1 
0.0400119 0.00269082 0.00269082 1 1 
0.0395776 0.00269083 0.00269083 1 1 
0.0391433 0.00269084 0.00269084 1 1 
0.038709 0.00269085 0.00269085 1 1 
0.0382747 0.00269086 0.00269086 1 1 
0.0378404 0.00269088 0.00269088 1 1 
0.0374061 0.00269089 0.00269089 1 1 
0.0369718 0.0026909 0.0026909 1 1 
0.0365375 0.00269091 0.00269091 1 1 
0.0361032 0.00269092 0.00269092 1 1 
0.0356689 0.00269094 0.00269094 1 1 
0.0352346 0.00269095 0.00269095 1 1 
0.0348003 0.00269096 0.00269096 1 1 
0.034366 0.00269097 0.00269097 1 1 
0.0339317 0.00269098 0.00269098 1 1 
0.0334974 0.00269099 0.00269099 1 1 
0.0330631 0.00269101 0.00269101 1 1 
0.0326288 0.00269102 0.00269102 1 1 
0.0321945 0.00269103 0.00269103 1 1 
0.0317602 0.00269104 0.00269104 1 1 
0.0313259 0.00269105 0.00269105 1 1 
0.0308916 0.00269107 0.00269107 1 1 
0.0304573 0.00269108 0.00269108 1 1 
0.030023 0.00269109 0.00269109 1 1 
0.0295887 0.0026911 0.0026911 1 1 
0.0291544 0.00269111 0.00269111 1 1 
0.0287201 0.00269113 0.00269113 1 1 
0.0282858 0.00269114 0.00269114 1 1 
0.0278515 0.00269115 0.00269115 1 1 
0.0274172 0.00269116 0.00269116 1 1 
0.0269829 0.00269117 0.00269117 1 1 
0.0265486 0.00269119 0.00269119 1 1 
0.0261143 0.0026912 0.0026912 1 1 
0.02568 0.00269121 0.00269121 1 1 
0.0252457 0.00269122 0.00269122 1 1 
0.0248114 0.00269123 0.00269123 1 1 
0.0243771 0.00269125 0.00269125 1 1 
0.0239428 0.00269126 0.00269126 1 1 
0.0235085 0.00269127 0.00269127 1 1 
0.0230742 0.00269128 0.00269128 1 1 
0.0226399 0.00269129 0.00269129 1 1 
0.0222056 0.00269131 0.00269131 1 1 
0.0217713 0.00269132 0.00269132 1 1 
0.021337 0.00269133 0.00269133 1 1 
0.0209027 0.00269134 0.00269134 1 1 
0.0204684 0.00269135 0.00269135 1 1 
0.0200341 0.00269137 0.00269137 1 1 
0.0195998 0.00269138 0.00269138 1 1 
0.0191655 0.00269139 0.00269139 1 1 
0.0187312 0.0026914 0.0026914 1 1 
0.0182969 0.00269142 0.00269142 1 1 
0.0178626 0.00269143 0.00269143 1 1 
0.0174283 0.00269144 0.00269144 1 1 
0.016994 0.00269145 0.00269145 1 1 
0.0165597 0.00269146 0.00269146 1 1 
0.0161254 0.00269148 0.00269148 1 1 
0.0156911 0.00269149 0.00269149 1 1 
0.0152568 0.0026915 0.0026915 1 1 
0.0148225 0.00269151 0.00269151 1 1 
0.0143882 0.00269153 0.00269153 1 1 
0.0139539 0.00269154 0.00269154 1 1 
0.0135196 0.00269155 0.00269155 1 1 
0.0130853 0.00269156 0.00269156 1 1 
0.0126511 0.00269158 0.00269158 1 1 
0.0122168 0.00269159 0.00269159 1 1 
0.0117825 0.0026916 0.0026916 1 1 
0.0113482 0.00269161 0.00269161 1 1 
0.0109139 0.00269163 0.00269163 1 1 
0.0104796 0.00269164 0.00269164 1 1 
0.0100453 0.00269165 0.00269165 1 1 
0.00961099 0.00269166 0.00269166 1 1 
0.0091767 0.00269167 0.00269167 1 1 
0.0087424 0.00269169 0.00269169 1 1 
0.00830811 0.0026917 0.0026917 1 1 
0.00787381 0.00269171 0.00269171 1 1 
0.00743952 0.00269172 0.00269172 1 1 
0.00700523 0.00269174 0.00269174 1 1 
0.00657093 0.00269175 0.00269175 1 1 
0.00613664 0.00269176 0.00269176 1 1 
0.00570235 0.00269177 0.00269177 1 1 
0.00526805 0.00269179 0.00269179 1 1 
0.00483376 0.0026918 0.0026918 1 1 
0.00439947 0.00269181 0.00269181 1 1 
0.00396517 0.00269182 0.00269182 1 1 
0.00353088 0.00269184 0.00269184 1 1 
0.00309659 0.00269185 0.00269185 1 1 
0.0026623 0.00269186 0.00269186 1 1 
0.00222801 0.00269188 0.00269188 1 1 
0.00179371 0.00269189 0.00269189 1 1 
0.00135942 0.0026919 0.0026919 1 1 
0.000925129 0.00269191 0.00269191 1 1 
0.000490838 0.00269193 0.00269193 1 1 
5.65463e-05 0.00269194 0.00269194 1 1 
-0.000377745 0.00269195 0.00269195 1 1 
