0 1.0526 1.0526 2 1 
0.0079017 1.04738 1.04738 1 1 
0.0118338 1.04474 1.04474 1 1 
0.015753 1.04208 1.04208 1 1 
0.0196588 1.0394 1.0394 1 1 
0.0235508 1.03671 1.03671 1 1 
0.0274287 1.03399 1.03399 1 1 
0.0312919 1.03125 1.03125 1 1 
0.0351401 1.02849 1.02849 1 1 
0.0389727 1.02571 1.02571 1 1 
0.0427893 1.0229 1.0229 1 1 
0.0465895 1.02008 1.02008 1 1 
0.0503726 1.01723 1.01723 1 1 
0.0541382 1.01436 1.01436 1 1 
0.0578857 1.01146 1.01146 1 1 
0.0616145 1.00854 1.00854 1 1 
0.0653242 1.0056 1.0056 1 1 
0.069014 1.00263 1.00263 1 1 
0.0726833 0.999639 0.999639 1 1 
0.0763316 0.996621 0.996621 1 1 
0.0799582 0.993577 0.993577 1 1 
0.0835623 0.990507 0.990507 1 1 
0.0871433 0.98741 0.98741 1 1 
0.0907005 0.984287 0.984287 1 1 
0.094233 0.981136 0.981136 1 1 
0.0977402 0.977957 0.977957 1 1 
0.101221 0.97475 0.97475 1 1 
0.104675 0.971515 0.971515 1 1 
0.108101 0.96825 0.96825 1 1 
0.111498 0.964956 0.964956 1 1 
0.114866 0.961633 0.961633 1 1 
0.118203 0.958279 0.958279 1 1 
0.121509 0.954895 0.954895 1 1 
0.124782 0.951479 0.951479 1 1 
0.126405 0.94976 0.94976 1 1 
0.128021 0.948033 0.948033 1 1 
0.129627 0.946298 0.946298 1 1 
0.131225 0.944555 0.944555 1 1 
0.132814 0.942804 0.942804 1 1 
0.134394 0.941045 0.941045 1 1 
0.135965 0.939278 0.939278 1 1 
0.137526 0.937502 0.937502 1 1 
0.139078 0.935719 0.935719 1 1 
0.14062 0.933927 0.933927 1 1 
0.142152 0.932127 0.932127 1 1 
0.143675 0.930319 0.930319 1 1 
0.145187 0.928503 0.928503 1 1 
0.146689 0.926678 0.926678 1 1 
0.148181 0.924845 0.924845 1 1 
0.149662 0.923003 0.923003 1 1 
0.151132 0.921153 0.921153 1 1 
0.152591 0.919294 0.919294 1 1 
0.154039 0.917427 0.917427 1 1 
0.155476 0.915552 0.915552 1 1 
0.156902 0.913668 0.913668 1 1 
0.158316 0.911775 0.911775 1 1 
0.159718 0.909874 0.909874 1 1 
0.161109 0.907964 0.907964 1 1 
0.162487 0.906045 0.906045 1 1 
0.163853 0.904118 0.904118 1 1 
0.165206 0.902182 0.902182 1 1 
0.166547 0.900238 0.900238 1 1 
0.167875 0.898285 0.898285 1 1 
0.16919 0.896323 0.896323 1 1 
0.170492 0.894352 0.894352 1 1 
0.17178 0.892373 0.892373 1 1 
0.173055 0.890385 0.890385 1 1 
0.174316 0.888389 0.888389 1 1 
0.175563 0.886384 0.886384 1 1 
0.176796 0.88437 0.88437 1 1 
0.178014 0.882347 0.882347 1 1 
0.179218 0.880316 0.880316 1 1 
0.180408 0.878276 0.878276 1 1 
0.181582 0.876228 0.876228 1 1 
0.182741 0.874171 0.874171 1 1 
0.183885 0.872106 0.872106 1 1 
0.185013 0.870032 0.870032 1 1 
0.186126 0.86795 0.86795 1 1 
0.187223 0.865859 0.865859 1 1 
0.188303 0.86376 0.86376 1 1 
0.189368 0.861653 0.861653 1 1 
0.190415 0.859537 0.859537 1 1 
0.191446 0.857413 0.857413 1 1 
0.19246 0.855281 0.855281 1 1 
0.193457 0.853141 0.853141 1 1 
0.194437 0.850993 0.850993 1 1 
0.195399 0.848836 0.848836 1 1 
0.195874 0.847755 0.847755 1 1 
0.196344 0.846672 0.846672 1 1 
0.19681 0.845588 0.845588 1 1 
0.197271 0.844501 0.844501 1 1 
0.197727 0.843412 0.843412 1 1 
0.198179 0.842321 0.842321 1 1 
0.198627 0.841229 0.841229 1 1 
0.19907 0.840134 0.840134 1 1 
0.199508 0.839038 0.839038 1 1 
0.199942 0.83794 0.83794 1 1 
0.200371 0.836839 0.836839 1 1 
0.200795 0.835737 0.835737 1 1 
0.201215 0.834634 0.834634 1 1 
0.201629 0.833528 0.833528 1 1 
0.20204 0.832421 0.832421 1 1 
0.202445 0.831312 0.831312 1 1 
0.202846 0.830201 0.830201 1 1 
0.203241 0.829088 0.829088 1 1 
0.203632 0.827973 0.827973 1 1 
0.204019 0.826857 0.826857 1 1 
0.2044 0.825739 0.825739 1 1 
0.204776 0.82462 0.82462 1 1 
0.205148 0.823498 0.823498 1 1 
0.205514 0.822375 0.822375 1 1 
0.205876 0.821251 0.821251 1 1 
0.206232 0.820124 0.820124 1 1 
0.206584 0.818997 0.818997 1 1 
0.20693 0.817867 0.817867 1 1 
0.207272 0.816736 0.816736 1 1 
0.207608 0.815603 0.815603 1 1 
0.20794 0.814469 0.814469 1 1 
0.208266 0.813333 0.813333 1 1 
0.208587 0.812196 0.812196 1 1 
0.208903 0.811057 0.811057 1 1 
0.209214 0.809917 0.809917 1 1 
0.20952 0.808775 0.808775 1 1 
0.209821 0.807632 0.807632 1 1 
0.210116 0.806488 0.806488 1 1 
0.210407 0.805342 0.805342 1 1 
0.210692 0.804194 0.804194 1 1 
0.210971 0.803046 0.803046 1 1 
0.211246 0.801896 0.801896 1 1 
0.211515 0.800744 0.800744 1 1 
0.211779 0.799592 0.799592 1 1 
0.212038 0.798438 0.798438 1 1 
0.212291 0.797282 0.797282 1 1 
0.212539 0.796126 0.796126 1 1 
0.212782 0.794968 0.794968 1 1 
0.213019 0.793809 0.793809 1 1 
0.213251 0.792649 0.792649 1 1 
0.213478 0.791488 0.791488 1 1 
0.213699 0.790326 0.790326 1 1 
0.213915 0.789162 0.789162 1 1 
0.214126 0.787998 0.787998 1 1 
0.214331 0.786832 0.786832 1 1 
0.21453 0.785665 0.785665 1 1 
0.214725 0.784498 0.784498 1 1 
0.214913 0.783329 0.783329 1 1 
0.215097 0.78216 0.78216 1 1 
0.215275 0.780989 0.780989 1 1 
0.215447 0.779818 0.779818 1 1 
0.215614 0.778645 0.778645 1 1 
0.215775 0.777472 0.777472 1 1 
0.215931 0.776298 0.776298 1 1 
0.216082 0.775123 0.775123 1 1 
0.216227 0.773947 0.773947 1 1 
0.216366 0.772771 0.772771 1 1 
0.2165 0.771593 0.771593 1 1 
0.216628 0.770415 0.770415 1 1 
0.216751 0.769237 0.769237 1 1 
0.216869 0.768057 0.768057 1 1 
0.216981 0.766877 0.766877 1 1 
0.217087 0.765696 0.765696 1 1 
0.217188 0.764515 0.764515 1 1 
0.217283 0.763333 0.763333 1 1 
0.217373 0.762151 0.762151 1 1 
0.217457 0.760968 0.760968 1 1 
0.217536 0.759784 0.759784 1 1 
0.217609 0.7586 0.7586 1 1 
0.217676 0.757416 0.757416 1 1 
0.217738 0.756231 0.756231 1 1 
0.217795 0.755046 0.755046 1 1 
0.217846 0.75386 0.75386 1 1 
0.217892 0.752674 0.752674 1 1 
0.217932 0.751487 0.751487 1 1 
0.217966 0.750301 0.750301 1 1 
0.217995 0.749114 0.749114 1 1 
0.218018 0.747927 0.747927 1 1 
0.218036 0.746739 0.746739 1 1 
0.218049 0.745551 0.745551 1 1 
0.218055 0.744364 0.744364 1 1 
0.218057 0.743175 0.743175 1 1 
0.218053 0.741987 0.741987 1 1 
0.218043 0.740799 0.740799 1 1 
0.218028 0.739611 0.739611 1 1 
0.218008 0.738422 0.738422 1 1 
0.217982 0.737234 0.737234 1 1 
0.21795 0.736045 0.736045 1 1 
0.217913 0.734857 0.734857 1 1 
0.217871 0.733668 0.733668 1 1 
0.217823 0.73248 0.73248 1 1 
0.21777 0.731291 0.731291 1 1 
0.217712 0.730103 0.730103 1 1 
0.217648 0.728915 0.728915 1 1 
0.217578 0.727727 0.727727 1 1 
0.217504 0.726539 0.726539 1 1 
0.217467 0.72599 0.72599 2 1 
0.217427 0.725397 0.725397 2 1 
0.217381 0.724744 0.724744 2 1 
0.217328 0.724025 0.724025 2 1 
0.217273 0.723307 0.723307 2 1 
0.217217 0.722589 0.722589 2 1 
0.217158 0.721871 0.721871 2 1 
0.217098 0.721153 0.721153 2 1 
0.217035 0.720435 0.720435 2 1 
0.216971 0.719717 0.719717 2 1 
0.216904 0.718999 0.718999 2 1 
0.216836 0.718282 0.718282 2 1 
0.216766 0.717565 0.717565 2 1 
0.216694 0.716847 0.716847 2 1 
0.21662 0.71613 0.71613 2 1 
0.216544 0.715413 0.715413 2 1 
0.216466 0.714696 0.714696 2 1 
0.216386 0.71398 0.71398 2 1 
0.216304 0.713263 0.713263 2 1 
0.216221 0.712547 0.712547 2 1 
0.216135 0.711831 0.711831 2 1 
0.216048 0.711114 0.711114 2 1 
0.215958 0.710399 0.710399 2 1 
0.215867 0.709683 0.709683 2 1 
0.215774 0.708967 0.708967 2 1 
0.215679 0.708252 0.708252 2 1 
0.215582 0.707537 0.707537 2 1 
0.215483 0.706822 0.706822 2 1 
0.215383 0.706107 0.706107 2 1 
0.21528 0.705393 0.705393 2 1 
0.215176 0.704679 0.704679 2 1 
0.21507 0.703964 0.703964 2 1 
0.214961 0.703251 0.703251 2 1 
0.214851 0.702537 0.702537 2 1 
0.21474 0.701823 0.701823 2 1 
0.214626 0.70111 0.70111 2 1 
0.21451 0.700397 0.700397 2 1 
0.214393 0.699685 0.699685 2 1 
0.214274 0.698972 0.698972 2 1 
0.214153 0.69826 0.69826 2 1 
0.21403 0.697548 0.697548 2 1 
0.213905 0.696836 0.696836 2 1 
0.213779 0.696125 0.696125 2 1 
0.21365 0.695413 0.695413 2 1 
0.21352 0.694703 0.694703 2 1 
0.213388 0.693992 0.693992 2 1 
0.213254 0.693282 0.693282 2 1 
0.213119 0.692571 0.692571 2 1 
0.212981 0.691862 0.691862 2 1 
0.212842 0.691152 0.691152 2 1 
0.212701 0.690443 0.690443 2 1 
0.212558 0.689734 0.689734 2 1 
0.212414 0.689025 0.689025 2 1 
0.212268 0.688317 0.688317 2 1 
0.212119 0.687609 0.687609 2 1 
0.21197 0.686901 0.686901 2 1 
0.211818 0.686194 0.686194 2 1 
0.211665 0.685487 0.685487 2 1 
0.211509 0.68478 0.68478 2 1 
0.211353 0.684073 0.684073 2 1 
0.211194 0.683367 0.683367 2 1 
0.211034 0.682661 0.682661 2 1 
0.210871 0.681956 0.681956 2 1 
0.210708 0.681251 0.681251 2 1 
0.210542 0.680546 0.680546 2 1 
0.210375 0.679842 0.679842 2 1 
0.210206 0.679138 0.679138 2 1 
0.210035 0.678434 0.678434 2 1 
0.209863 0.67773 0.67773 2 1 
0.209688 0.677027 0.677027 2 1 
0.209513 0.676325 0.676325 2 1 
0.209335 0.675622 0.675622 2 1 
0.209156 0.674921 0.674921 2 1 
0.208975 0.674219 0.674219 2 1 
0.208792 0.673518 0.673518 2 1 
0.208608 0.672817 0.672817 2 1 
0.208422 0.672117 0.672117 2 1 
0.208234 0.671417 0.671417 2 1 
0.208045 0.670717 0.670717 2 1 
0.207854 0.670018 0.670018 2 1 
0.207662 0.669319 0.669319 2 1 
0.207467 0.66862 0.66862 2 1 
0.207272 0.667922 0.667922 2 1 
0.207074 0.667224 0.667224 2 1 
0.206875 0.666527 0.666527 2 1 
0.206674 0.66583 0.66583 2 1 
0.206472 0.665134 0.665134 2 1 
0.206268 0.664438 0.664438 2 1 
0.206062 0.663742 0.663742 2 1 
0.205855 0.663047 0.663047 2 1 
0.205646 0.662352 0.662352 2 1 
0.205436 0.661658 0.661658 2 1 
0.205224 0.660964 0.660964 2 1 
0.20501 0.66027 0.66027 2 1 
0.204795 0.659577 0.659577 2 1 
0.204578 0.658885 0.658885 2 1 
0.20436 0.658192 0.658192 2 1 
0.20414 0.6575 0.6575 2 1 
0.203918 0.656809 0.656809 2 1 
0.203695 0.656118 0.656118 2 1 
0.203471 0.655428 0.655428 2 1 
0.203244 0.654738 0.654738 2 1 
0.203017 0.654048 0.654048 2 1 
0.202788 0.653359 0.653359 2 1 
0.202557 0.65267 0.65267 2 1 
0.202324 0.651982 0.651982 2 1 
0.202091 0.651294 0.651294 2 1 
0.201855 0.650607 0.650607 2 1 
0.201618 0.64992 0.64992 2 1 
0.20138 0.649234 0.649234 2 1 
0.20114 0.648548 0.648548 2 1 
0.200899 0.647863 0.647863 2 1 
0.200656 0.647178 0.647178 2 1 
0.200411 0.646493 0.646493 2 1 
0.200166 0.645809 0.645809 2 1 
0.199918 0.645126 0.645126 2 1 
0.199669 0.644442 0.644442 2 1 
0.199419 0.64376 0.64376 2 1 
0.199167 0.643078 0.643078 2 1 
0.198914 0.642396 0.642396 2 1 
0.19866 0.641715 0.641715 2 1 
0.198403 0.641034 0.641034 2 1 
0.198146 0.640354 0.640354 2 1 
0.197887 0.639675 0.639675 2 1 
0.197626 0.638995 0.638995 2 1 
0.197365 0.638317 0.638317 2 1 
0.197101 0.637638 0.637638 2 1 
0.196837 0.636961 0.636961 2 1 
0.19657 0.636284 0.636284 2 1 
0.196303 0.635607 0.635607 2 1 
0.196034 0.634931 0.634931 2 1 
0.195764 0.634255 0.634255 2 1 
0.195492 0.63358 0.63358 2 1 
0.195219 0.632905 0.632905 2 1 
0.194944 0.632231 0.632231 2 1 
0.194668 0.631557 0.631557 2 1 
0.194391 0.630884 0.630884 2 1 
0.194112 0.630212 0.630212 2 1 
0.193832 0.629539 0.629539 2 1 
0.193551 0.628868 0.628868 2 1 
0.193268 0.628197 0.628197 2 1 
0.192984 0.627526 0.627526 2 1 
0.192699 0.626856 0.626856 2 1 
0.192412 0.626187 0.626187 2 1 
0.192124 0.625518 0.625518 2 1 
0.191834 0.624849 0.624849 2 1 
0.191543 0.624181 0.624181 2 1 
0.191251 0.623514 0.623514 2 1 
0.190958 0.622847 0.622847 2 1 
0.190663 0.62218 0.62218 2 1 
0.190367 0.621514 0.621514 2 1 
0.19007 0.620849 0.620849 2 1 
0.189771 0.620184 0.620184 2 1 
0.189471 0.61952 0.61952 2 1 
0.18917 0.618856 0.618856 2 1 
0.188867 0.618193 0.618193 2 1 
0.188563 0.61753 0.61753 2 1 
0.188258 0.616868 0.616868 2 1 
0.187952 0.616207 0.616207 2 1 
0.187644 0.615546 0.615546 2 1 
0.187335 0.614885 0.614885 2 1 
0.187025 0.614225 0.614225 2 1 
0.186714 0.613566 0.613566 2 1 
0.186401 0.612907 0.612907 2 1 
0.186087 0.612248 0.612248 2 1 
0.185772 0.611591 0.611591 2 1 
0.185456 0.610933 0.610933 2 1 
0.185138 0.610277 0.610277 2 1 
0.184819 0.60962 0.60962 2 1 
0.184499 0.608965 0.608965 2 1 
0.184178 0.60831 0.60831 2 1 
0.183855 0.607655 0.607655 2 1 
0.183531 0.607001 0.607001 2 1 
0.183207 0.606348 0.606348 2 1 
0.18288 0.605695 0.605695 2 1 
0.182553 0.605042 0.605042 2 1 
0.182225 0.604391 0.604391 2 1 
0.181895 0.603739 0.603739 2 1 
0.181564 0.603089 0.603089 2 1 
0.181232 0.602438 0.602438 2 1 
0.180899 0.601789 0.601789 2 1 
0.180564 0.60114 0.60114 2 1 
0.180229 0.600491 0.600491 2 1 
0.179892 0.599843 0.599843 2 1 
0.179554 0.599196 0.599196 2 1 
0.179215 0.598549 0.598549 2 1 
0.178875 0.597903 0.597903 2 1 
0.178534 0.597257 0.597257 2 1 
0.178191 0.596612 0.596612 2 1 
0.177813 0.595903 0.595903 2 1 
0.177434 0.595195 0.595195 2 1 
0.177053 0.594487 0.594487 2 1 
0.176671 0.59378 0.59378 2 1 
0.176288 0.593074 0.593074 2 1 
0.175903 0.592368 0.592368 2 1 
0.175517 0.591663 0.591663 2 1 
0.175129 0.590959 0.590959 2 1 
0.174741 0.590255 0.590255 2 1 
0.174351 0.589552 0.589552 2 1 
0.173959 0.58885 0.58885 2 1 
0.173567 0.588148 0.588148 2 1 
0.173173 0.587447 0.587447 2 1 
0.172777 0.586747 0.586747 2 1 
0.172381 0.586047 0.586047 2 1 
0.171983 0.585349 0.585349 2 1 
0.171584 0.58465 0.58465 2 1 
0.171183 0.583953 0.583953 2 1 
0.170781 0.583256 0.583256 2 1 
0.170378 0.58256 0.58256 2 1 
0.169974 0.581864 0.581864 2 1 
0.169569 0.58117 0.58117 2 1 
0.169162 0.580476 0.580476 2 1 
0.168754 0.579782 0.579782 2 1 
0.168345 0.579089 0.579089 2 1 
0.167934 0.578397 0.578397 2 1 
0.167522 0.577706 0.577706 2 1 
0.16711 0.577015 0.577015 2 1 
0.166695 0.576325 0.576325 2 1 
0.16628 0.575636 0.575636 2 1 
0.165863 0.574947 0.574947 2 1 
0.165446 0.574259 0.574259 2 1 
0.165027 0.573572 0.573572 2 1 
0.164607 0.572885 0.572885 2 1 
0.164185 0.572199 0.572199 2 1 
0.163763 0.571514 0.571514 2 1 
0.163339 0.57083 0.57083 2 1 
0.162914 0.570146 0.570146 2 1 
0.162488 0.569463 0.569463 2 1 
0.162061 0.56878 0.56878 2 1 
0.161632 0.568098 0.568098 2 1 
0.161203 0.567417 0.567417 2 1 
0.160772 0.566737 0.566737 2 1 
0.16034 0.566057 0.566057 2 1 
0.159907 0.565378 0.565378 2 1 
0.159473 0.564699 0.564699 2 1 
0.159038 0.564022 0.564022 2 1 
0.158602 0.563344 0.563344 2 1 
0.158164 0.562668 0.562668 2 1 
0.157726 0.561992 0.561992 2 1 
0.157286 0.561317 0.561317 2 1 
0.156845 0.560643 0.560643 2 1 
0.156403 0.559969 0.559969 2 1 
0.15596 0.559296 0.559296 2 1 
0.155516 0.558624 0.558624 2 1 
0.155071 0.557952 0.557952 2 1 
0.154625 0.557281 0.557281 2 1 
0.154177 0.556611 0.556611 2 1 
0.153729 0.555942 0.555942 2 1 
0.15328 0.555273 0.555273 2 1 
0.152784 0.554538 0.554538 2 1 
0.152287 0.553803 0.553803 2 1 
0.151789 0.55307 0.55307 2 1 
0.151289 0.552337 0.552337 2 1 
0.150789 0.551606 0.551606 2 1 
0.150287 0.550875 0.550875 2 1 
0.149783 0.550145 0.550145 2 1 
0.149279 0.549415 0.549415 2 1 
0.148773 0.548687 0.548687 2 1 
0.148266 0.547959 0.547959 2 1 
0.147758 0.547232 0.547232 2 1 
0.147248 0.546506 0.546506 2 1 
0.146738 0.545781 0.545781 2 1 
0.146226 0.545056 0.545056 2 1 
0.145713 0.544333 0.544333 2 1 
0.145199 0.54361 0.54361 2 1 
0.144683 0.542888 0.542888 2 1 
0.144167 0.542167 0.542167 2 1 
0.143649 0.541446 0.541446 2 1 
0.14313 0.540727 0.540727 2 1 
0.14261 0.540008 0.540008 2 1 
0.142088 0.53929 0.53929 2 1 
0.141566 0.538573 0.538573 2 1 
0.141042 0.537857 0.537857 2 1 
0.140517 0.537141 0.537141 2 1 
0.139991 0.536426 0.536426 2 1 
0.139464 0.535712 0.535712 2 1 
0.138936 0.534999 0.534999 2 1 
0.138407 0.534287 0.534287 2 1 
0.137876 0.533575 0.533575 2 1 
0.137344 0.532864 0.532864 2 1 
0.136812 0.532155 0.532155 2 1 
0.136278 0.531445 0.531445 2 1 
0.135743 0.530737 0.530737 2 1 
0.135207 0.530029 0.530029 2 1 
0.13467 0.529323 0.529323 2 1 
0.134132 0.528617 0.528617 2 1 
0.133592 0.527912 0.527912 2 1 
0.133052 0.527207 0.527207 2 1 
0.13251 0.526504 0.526504 2 1 
0.131968 0.525801 0.525801 2 1 
0.131424 0.525099 0.525099 2 1 
0.13088 0.524398 0.524398 2 1 
0.130334 0.523697 0.523697 2 1 
0.129787 0.522998 0.522998 2 1 
0.129239 0.522299 0.522299 2 1 
0.12869 0.521601 0.521601 2 1 
0.128141 0.520903 0.520903 2 1 
0.12759 0.520207 0.520207 2 1 
0.127038 0.519511 0.519511 2 1 
0.126485 0.518816 0.518816 2 1 
0.125931 0.518122 0.518122 2 1 
0.12532 0.517359 0.517359 2 1 
0.124708 0.516598 0.516598 2 1 
0.124095 0.515837 0.515837 2 1 
0.123481 0.515077 0.515077 2 1 
0.122866 0.514318 0.514318 2 1 
0.122249 0.51356 0.51356 2 1 
0.121632 0.512803 0.512803 2 1 
0.121013 0.512047 0.512047 2 1 
0.120392 0.511292 0.511292 2 1 
0.119771 0.510538 0.510538 2 1 
0.119149 0.509784 0.509784 2 1 
0.118525 0.509032 0.509032 2 1 
0.1179 0.508281 0.508281 2 1 
0.117274 0.50753 0.50753 2 1 
0.116647 0.50678 0.50678 2 1 
0.116019 0.506032 0.506032 2 1 
0.11539 0.505284 0.505284 2 1 
0.114759 0.504537 0.504537 2 1 
0.114128 0.503791 0.503791 2 1 
0.113495 0.503046 0.503046 2 1 
0.112861 0.502302 0.502302 2 1 
0.112226 0.501559 0.501559 2 1 
0.11159 0.500817 0.500817 2 1 
0.110953 0.500076 0.500076 2 1 
0.110315 0.499335 0.499335 2 1 
0.109676 0.498596 0.498596 2 1 
0.109035 0.497857 0.497857 2 1 
0.108394 0.49712 0.49712 2 1 
0.107752 0.496383 0.496383 2 1 
0.107108 0.495647 0.495647 2 1 
0.106463 0.494912 0.494912 2 1 
0.105818 0.494178 0.494178 2 1 
0.105171 0.493445 0.493445 2 1 
0.104523 0.492713 0.492713 2 1 
0.103875 0.491981 0.491981 2 1 
0.103225 0.491251 0.491251 2 1 
0.102574 0.490521 0.490521 2 1 
0.101922 0.489793 0.489793 2 1 
0.101269 0.489065 0.489065 2 1 
0.100616 0.488338 0.488338 2 1 
0.0999607 0.487612 0.487612 2 1 
0.0993048 0.486887 0.486887 2 1 
0.098648 0.486163 0.486163 2 1 
0.0979901 0.485439 0.485439 2 1 
0.0973313 0.484717 0.484717 2 1 
0.0966715 0.483995 0.483995 2 1 
0.0960107 0.483275 0.483275 2 1 
0.095349 0.482555 0.482555 2 1 
0.0946862 0.481836 0.481836 2 1 
0.0940225 0.481118 0.481118 2 1 
0.0933579 0.480401 0.480401 2 1 
0.0926257 0.479613 0.479613 2 1 
0.0918923 0.478826 0.478826 2 1 
0.0911579 0.478041 0.478041 2 1 
0.0904222 0.477256 0.477256 2 1 
0.0896855 0.476472 0.476472 2 1 
0.0889476 0.47569 0.47569 2 1 
0.0882086 0.474908 0.474908 2 1 
0.0874685 0.474128 0.474128 2 1 
0.0867273 0.473348 0.473348 2 1 
0.085985 0.47257 0.47257 2 1 
0.0852416 0.471792 0.471792 2 1 
0.0844971 0.471016 0.471016 2 1 
0.0837515 0.470241 0.470241 2 1 
0.0830049 0.469466 0.469466 2 1 
0.0822572 0.468693 0.468693 2 1 
0.0815084 0.467921 0.467921 2 1 
0.0807585 0.46715 0.46715 2 1 
0.0800076 0.46638 0.46638 2 1 
0.0792557 0.465611 0.465611 2 1 
0.0785027 0.464843 0.464843 2 1 
0.0777487 0.464075 0.464075 2 1 
0.0769936 0.463309 0.463309 2 1 
0.0762376 0.462544 0.462544 2 1 
0.0754805 0.46178 0.46178 2 1 
0.0747223 0.461017 0.461017 2 1 
0.0739632 0.460255 0.460255 2 1 
0.0732031 0.459494 0.459494 2 1 
0.072442 0.458734 0.458734 2 1 
0.0716798 0.457975 0.457975 2 1 
0.0709167 0.457217 0.457217 2 1 
0.0701526 0.45646 0.45646 2 1 
0.0693875 0.455704 0.455704 2 1 
0.0686215 0.454949 0.454949 2 1 
0.0678545 0.454196 0.454196 2 1 
0.0670865 0.453443 0.453443 2 1 
0.0663175 0.452691 0.452691 2 1 
0.0655476 0.45194 0.45194 2 1 
0.0647768 0.45119 0.45119 2 1 
0.064005 0.450441 0.450441 2 1 
0.0632323 0.449693 0.449693 2 1 
0.0624586 0.448945 0.448945 2 1 
0.061684 0.448199 0.448199 2 1 
0.0609085 0.447454 0.447454 2 1 
0.060132 0.44671 0.44671 2 1 
0.0593547 0.445967 0.445967 2 1 
0.0585764 0.445225 0.445225 2 1 
0.0577972 0.444484 0.444484 2 1 
0.0570172 0.443744 0.443744 2 1 
0.0562362 0.443004 0.443004 2 1 
0.0554543 0.442266 0.442266 2 1 
0.0546716 0.441529 0.441529 2 1 
0.0538095 0.440719 0.440719 2 1 
0.0529464 0.43991 0.43991 2 1 
0.0520822 0.439102 0.439102 2 1 
0.051217 0.438296 0.438296 2 1 
0.0503508 0.437491 0.437491 2 1 
0.0494834 0.436687 0.436687 2 1 
0.0486151 0.435884 0.435884 2 1 
0.0477457 0.435082 0.435082 2 1 
0.0468754 0.434281 0.434281 2 1 
0.046004 0.433482 0.433482 2 1 
0.0451315 0.432683 0.432683 2 1 
0.0442581 0.431886 0.431886 2 1 
0.0433837 0.43109 0.43109 2 1 
0.0425083 0.430295 0.430295 2 1 
0.0416319 0.429501 0.429501 2 1 
0.0407545 0.428708 0.428708 2 1 
0.0398762 0.427917 0.427917 2 1 
0.0389968 0.427126 0.427126 2 1 
0.0381165 0.426337 0.426337 2 1 
0.0372353 0.425549 0.425549 2 1 
0.0363531 0.424762 0.424762 2 1 
0.0354699 0.423976 0.423976 2 1 
0.0345858 0.423191 0.423191 2 1 
0.0337008 0.422407 0.422407 2 1 
0.0328148 0.421625 0.421625 2 1 
0.0319279 0.420843 0.420843 2 1 
0.0310401 0.420063 0.420063 2 1 
0.0301513 0.419283 0.419283 2 1 
0.0292616 0.418505 0.418505 2 1 
0.0283711 0.417728 0.417728 2 1 
0.0274796 0.416952 0.416952 2 1 
0.0265872 0.416177 0.416177 2 1 
0.025694 0.415403 0.415403 2 1 
0.0247998 0.414631 0.414631 2 1 
0.0239048 0.413859 0.413859 2 1 
0.0230088 0.413089 0.413089 2 1 
0.022112 0.412319 0.412319 2 1 
0.0212144 0.411551 0.411551 2 1 
0.0203159 0.410783 0.410783 2 1 
0.0194165 0.410017 0.410017 2 1 
0.0185162 0.409252 0.409252 2 1 
0.0176151 0.408488 0.408488 2 1 
0.0167132 0.407725 0.407725 2 1 
0.0158104 0.406963 0.406963 2 1 
0.0149068 0.406202 0.406202 2 1 
0.0140024 0.405443 0.405443 2 1 
0.0130971 0.404684 0.404684 2 1 
0.012191 0.403926 0.403926 2 1 
0.0112841 0.40317 0.40317 2 1 
0.0103764 0.402414 0.402414 2 1 
0.00946789 0.40166 0.40166 2 1 
0.00855856 0.400906 0.400906 2 1 
0.00764843 0.400154 0.400154 2 1 
0.00673751 0.399403 0.399403 2 1 
0.00573458 0.398577 0.398577 2 1 
0.0047307 0.397753 0.397753 2 1 
0.00372587 0.396931 0.396931 2 1 
0.00272011 0.396109 0.396109 2 1 
0.00171341 0.395289 0.395289 2 1 
0.00070579 0.39447 0.39447 2 1 
-0.000302754 0.393652 0.393652 2 1 
2 0.00200269 0.00200269 2 1 
1.98 0.00200273 0.00200273 1 1 
1.969 0.00200275 0.00200275 1 1 
1.9569 0.00200277 0.00200277 1 1 
1.94359 0.00200279 0.00200279 1 1 
1.92895 0.00200282 0.00200282 1 1 
1.91284 0.00200285 0.00200285 1 1 
1.89513 0.00200289 0.00200289 1 1 
1.87564 0.00200292 0.00200292 1 1 
1.85615 0.00200296 0.00200296 1 1 
1.83667 0.002003 0.002003 1 1 
1.81718 0.00200304 0.00200304 1 1 
1.79769 0.00200308 0.00200308 1 1 
1.77821 0.00200312 0.00200312 1 1 
1.75872 0.00200316 0.00200316 1 1 
1.73923 0.0020032 0.0020032 1 1 
1.71974 0.00200325 0.00200325 1 1 
1.70026 0.00200329 0.00200329 1 1 
1.68077 0.00200333 0.00200333 1 1 
1.66128 0.00200338 0.00200338 1 1 
1.6418 0.00200342 0.00200342 1 1 
1.62231 0.00200347 0.00200347 1 1 
1.60282 0.00200351 0.00200351 1 1 
1.58333 0.00200356 0.00200356 1 1 
1.56385 0.00200361 0.00200361 1 1 
1.54436 0.00200365 0.00200365 1 1 
1.52487 0.0020037 0.0020037 1 1 
1.50539 0.00200375 0.00200375 1 1 
1.4859 0.0020038 0.0020038 1 1 
1.46641 0.00200385 0.00200385 1 1 
1.44692 0.00200391 0.00200391 1 1 
1.42744 0.00200396 0.00200396 1 1 
1.40795 0.00200401 0.00200401 1 1 
1.38846 0.00200407 0.00200407 1 1 
1.36898 0.00200412 0.00200412 1 1 
1.34949 0.00200418 0.00200418 1 1 
1.33 0.00200424 0.00200424 1 1 
1.31051 0.0020043 0.0020043 1 1 
1.29103 0.00200436 0.00200436 1 1 
1.27154 0.00200442 0.00200442 1 1 
1.25205 0.00200448 0.00200448 1 1 
1.23257 0.00200454 0.00200454 1 1 
1.21308 0.0020046 0.0020046 1 1 
1.19359 0.00200467 0.00200467 1 1 
1.1741 0.00200473 0.00200473 1 1 
1.15462 0.0020048 0.0020048 1 1 
1.13513 0.00200487 0.00200487 1 1 
1.11564 0.00200494 0.00200494 1 1 
1.09616 0.00200501 0.00200501 1 1 
1.07667 0.00200508 0.00200508 1 1 
1.05718 0.00200516 0.00200516 1 1 
1.0377 0.00200523 0.00200523 1 1 
1.01821 0.00200531 0.00200531 1 1 
0.998721 0.00200539 0.00200539 1 1 
0.979234 0.00200547 0.00200547 1 1 
0.959747 0.00200555 0.00200555 1 1 
0.94026 0.00200563 0.00200563 1 1 
0.920773 0.00200572 0.00200572 1 1 
0.901286 0.0020058 0.0020058 1 1 
0.881799 0.00200589 0.00200589 1 1 
0.862312 0.00200598 0.00200598 1 1 
0.842825 0.00200607 0.00200607 1 1 
0.823338 0.00200617 0.00200617 1 1 
0.803851 0.00200626 0.00200626 1 1 
0.784364 0.00200636 0.00200636 1 1 
0.77462 0.00200641 0.00200641 1 1 
0.764877 0.00200646 0.00200646 1 1 
0.754159 0.00200651 0.00200651 1 1 
0.743441 0.00200657 0.00200657 1 1 
0.732723 0.00200663 0.00200663 1 1 
0.722006 0.00200669 0.00200669 1 1 
0.711288 0.00200675 0.00200675 1 1 
0.70057 0.00200681 0.00200681 1 1 
0.689852 0.00200687 0.00200687 1 1 
0.679134 0.00200693 0.00200693 1 1 
0.668416 0.00200699 0.00200699 1 1 
0.657699 0.00200705 0.00200705 1 1 
0.646981 0.00200712 0.00200712 1 1 
0.636263 0.00200718 0.00200718 1 1 
0.625545 0.00200725 0.00200725 1 1 
0.614827 0.00200731 0.00200731 1 1 
0.60411 0.00200738 0.00200738 1 1 
0.593392 0.00200745 0.00200745 1 1 
0.582674 0.00200752 0.00200752 1 1 
0.577315 0.00200755 0.00200755 1 1 
0.57142 0.00200759 0.00200759 1 1 
0.564936 0.00200763 0.00200763 1 1 
0.558452 0.00200767 0.00200767 1 1 
0.551968 0.00200772 0.00200772 1 1 
0.545483 0.00200776 0.00200776 1 1 
0.538999 0.00200781 0.00200781 1 1 
0.532515 0.00200785 0.00200785 1 1 
0.526031 0.0020079 0.0020079 1 1 
0.519547 0.00200794 0.00200794 1 1 
0.513062 0.00200799 0.00200799 1 1 
0.506578 0.00200803 0.00200803 1 1 
0.500094 0.00200808 0.00200808 1 1 
0.49361 0.00200813 0.00200813 1 1 
0.487125 0.00200817 0.00200817 1 1 
0.480641 0.00200822 0.00200822 1 1 
0.474157 0.00200827 0.00200827 1 1 
0.467673 0.00200832 0.00200832 1 1 
0.461188 0.00200837 0.00200837 1 1 
0.454704 0.00200842 0.00200842 1 1 
0.44822 0.00200847 0.00200847 1 1 
0.441736 0.00200852 0.00200852 1 1 
0.435252 0.00200857 0.00200857 1 1 
0.43201 0.00200859 0.00200859 1 1 
0.428443 0.00200862 0.00200862 1 1 
0.42452 0.00200865 0.00200865 1 1 
0.420597 0.00200868 0.00200868 1 1 
0.416674 0.00200872 0.00200872 1 1 
0.412751 0.00200875 0.00200875 1 1 
0.408828 0.00200878 0.00200878 1 1 
0.404906 0.00200881 0.00200881 1 1 
0.400983 0.00200884 0.00200884 1 1 
0.39706 0.00200888 0.00200888 1 1 
0.393137 0.00200891 0.00200891 1 1 
0.389214 0.00200894 0.00200894 1 1 
0.385291 0.00200897 0.00200897 1 1 
0.381368 0.00200901 0.00200901 1 1 
0.377445 0.00200904 0.00200904 1 1 
0.373522 0.00200908 0.00200908 1 1 
0.369599 0.00200911 0.00200911 1 1 
0.365676 0.00200914 0.00200914 1 1 
0.361753 0.00200918 0.00200918 1 1 
0.35783 0.00200921 0.00200921 1 1 
0.353907 0.00200925 0.00200925 1 1 
0.349985 0.00200928 0.00200928 1 1 
0.346062 0.00200932 0.00200932 1 1 
0.342139 0.00200935 0.00200935 1 1 
0.338216 0.00200939 0.00200939 1 1 
0.334293 0.00200942 0.00200942 1 1 
0.33037 0.00200946 0.00200946 1 1 
0.326447 0.00200949 0.00200949 1 1 
0.322524 0.00200953 0.00200953 1 1 
0.318601 0.00200957 0.00200957 1 1 
0.314678 0.0020096 0.0020096 1 1 
0.310755 0.00200964 0.00200964 1 1 
0.306833 0.00200968 0.00200968 1 1 
0.30291 0.00200972 0.00200972 1 1 
0.298987 0.00200975 0.00200975 1 1 
0.297025 0.00200977 0.00200977 1 1 
0.294868 0.00200979 0.00200979 1 1 
0.292494 0.00200982 0.00200982 1 1 
0.290121 0.00200984 0.00200984 1 1 
0.287748 0.00200986 0.00200986 1 1 
0.285374 0.00200989 0.00200989 1 1 
0.283001 0.00200991 0.00200991 1 1 
0.280628 0.00200993 0.00200993 1 1 
0.278254 0.00200996 0.00200996 1 1 
0.275881 0.00200998 0.00200998 1 1 
0.273508 0.00201 0.00201 1 1 
0.271134 0.00201003 0.00201003 1 1 
0.268761 0.00201005 0.00201005 1 1 
0.266388 0.00201008 0.00201008 1 1 
0.264014 0.0020101 0.0020101 1 1 
0.261641 0.00201012 0.00201012 1 1 
0.259267 0.00201015 0.00201015 1 1 
0.256894 0.00201017 0.00201017 1 1 
0.254521 0.0020102 0.0020102 1 1 
0.252147 0.00201022 0.00201022 1 1 
0.249774 0.00201025 0.00201025 1 1 
0.247401 0.00201027 0.00201027 1 1 
0.245027 0.0020103 0.0020103 1 1 
0.242654 0.00201032 0.00201032 1 1 
0.240281 0.00201035 0.00201035 1 1 
0.237907 0.00201037 0.00201037 1 1 
0.235534 0.0020104 0.0020104 1 1 
0.233161 0.00201042 0.00201042 1 1 
0.230787 0.00201045 0.00201045 1 1 
0.228414 0.00201047 0.00201047 1 1 
0.226041 0.0020105 0.0020105 1 1 
0.223667 0.00201052 0.00201052 1 1 
0.221294 0.00201055 0.00201055 1 1 
0.218921 0.00201058 0.00201058 1 1 
0.216547 0.0020106 0.0020106 1 1 
0.214174 0.00201063 0.00201063 1 1 
0.211801 0.00201065 0.00201065 1 1 
0.209427 0.00201068 0.00201068 1 1 
0.207054 0.00201071 0.00201071 1 1 
0.204681 0.00201073 0.00201073 1 1 
0.202307 0.00201076 0.00201076 1 1 
0.199934 0.00201079 0.00201079 1 1 
0.197561 0.00201081 0.00201081 1 1 
0.195187 0.00201084 0.00201084 1 1 
0.192814 0.00201087 0.00201087 1 1 
0.190441 0.00201089 0.00201089 1 1 
0.188068 0.00201092 0.00201092 1 1 
0.185694 0.00201095 0.00201095 1 1 
0.183321 0.00201098 0.00201098 1 1 
0.180948 0.002011 0.002011 1 1 
0.178574 0.00201103 0.00201103 1 1 
0.177388 0.00201105 0.00201105 1 1 
0.176082 0.00201106 0.00201106 1 1 
0.174646 0.00201108 0.00201108 1 1 
0.173211 0.0020111 0.0020111 1 1 
0.171775 0.00201111 0.00201111 1 1 
0.170339 0.00201113 0.00201113 1 1 
0.168903 0.00201115 0.00201115 1 1 
0.167467 0.00201116 0.00201116 1 1 
0.166031 0.00201118 0.00201118 1 1 
0.164595 0.0020112 0.0020112 1 1 
0.16316 0.00201122 0.00201122 1 1 
0.161724 0.00201123 0.00201123 1 1 
0.160288 0.00201125 0.00201125 1 1 
0.158852 0.00201127 0.00201127 1 1 
0.157416 0.00201128 0.00201128 1 1 
0.15598 0.0020113 0.0020113 1 1 
0.154545 0.00201132 0.00201132 1 1 
0.153109 0.00201134 0.00201134 1 1 
0.151673 0.00201135 0.00201135 1 1 
0.150237 0.00201137 0.00201137 1 1 
0.148801 0.00201139 0.00201139 1 1 
0.147365 0.00201141 0.00201141 1 1 
0.145929 0.00201143 0.00201143 1 1 
0.144494 0.00201144 0.00201144 1 1 
0.143058 0.00201146 0.00201146 1 1 
0.141622 0.00201148 0.00201148 1 1 
0.140186 0.0020115 0.0020115 1 1 
0.13875 0.00201151 0.00201151 1 1 
0.137314 0.00201153 0.00201153 1 1 
0.135879 0.00201155 0.00201155 1 1 
0.134443 0.00201157 0.00201157 1 1 
0.133007 0.00201159 0.00201159 1 1 
0.131571 0.00201161 0.00201161 1 1 
0.130135 0.00201162 0.00201162 1 1 
0.128699 0.00201164 0.00201164 1 1 
0.127263 0.00201166 0.00201166 1 1 
0.125828 0.00201168 0.00201168 1 1 
0.124392 0.0020117 0.0020117 1 1 
0.122956 0.00201172 0.00201172 1 1 
0.12152 0.00201173 0.00201173 1 1 
0.120084 0.00201175 0.00201175 1 1 
0.118648 0.00201177 0.00201177 1 1 
0.117213 0.00201179 0.00201179 1 1 
0.115777 0.00201181 0.00201181 1 1 
0.114341 0.00201183 0.00201183 1 1 
0.112905 0.00201185 0.00201185 1 1 
0.111469 0.00201187 0.00201187 1 1 
0.110033 0.00201188 0.00201188 1 1 
0.108598 0.0020119 0.0020119 1 1 
0.107162 0.00201192 0.00201192 1 1 
0.105726 0.00201194 0.00201194 1 1 
0.10429 0.00201196 0.00201196 1 1 
0.102854 0.00201198 0.00201198 1 1 
0.101418 0.002012 0.002012 1 1 
0.0999826 0.00201202 0.00201202 1 1 
0.0985467 0.00201204 0.00201204 1 1 
0.0971109 0.00201206 0.00201206 1 1 
0.0956751 0.00201208 0.00201208 1 1 
0.0942392 0.0020121 0.0020121 1 1 
0.0928034 0.00201212 0.00201212 1 1 
0.0913676 0.00201214 0.00201214 1 1 
0.0899318 0.00201216 0.00201216 1 1 
0.0884959 0.00201218 0.00201218 1 1 
0.0870601 0.00201219 0.00201219 1 1 
0.0856243 0.00201221 0.00201221 1 1 
0.0841884 0.00201223 0.00201223 1 1 
0.0827526 0.00201225 0.00201225 1 1 
0.0813168 0.00201227 0.00201227 1 1 
0.079881 0.00201229 0.00201229 1 1 
0.0784451 0.00201231 0.00201231 1 1 
0.0770093 0.00201233 0.00201233 1 1 
0.0755735 0.00201235 0.00201235 1 1 
0.0741377 0.00201238 0.00201238 1 1 
0.0727019 0.0020124 0.0020124 1 1 
0.071266 0.00201242 0.00201242 1 1 
0.0698302 0.00201244 0.00201244 1 1 
0.0683944 0.00201246 0.00201246 1 1 
0.0669586 0.00201248 0.00201248 1 1 
0.0662407 0.00201249 0.00201249 1 1 
0.065451 0.0020125 0.0020125 1 1 
0.0645823 0.00201251 0.00201251 1 1 
0.0637136 0.00201252 0.00201252 1 1 
0.062845 0.00201254 0.00201254 1 1 
0.0619763 0.00201255 0.00201255 1 1 
0.0611076 0.00201256 0.00201256 1 1 
0.060239 0.00201257 0.00201257 1 1 
0.0593703 0.00201259 0.00201259 1 1 
0.0585016 0.0020126 0.0020126 1 1 
0.0576329 0.00201261 0.00201261 1 1 
0.0567643 0.00201262 0.00201262 1 1 
0.0558956 0.00201264 0.00201264 1 1 
0.0550269 0.00201265 0.00201265 1 1 
0.0541583 0.00201266 0.00201266 1 1 
0.0532896 0.00201268 0.00201268 1 1 
0.0524209 0.00201269 0.00201269 1 1 
0.0515523 0.0020127 0.0020127 1 1 
0.0506836 0.00201271 0.00201271 1 1 
0.0498149 0.00201273 0.00201273 1 1 
0.0489463 0.00201274 0.00201274 1 1 
0.0480776 0.00201275 0.00201275 1 1 
0.0472089 0.00201277 0.00201277 1 1 
0.0463403 0.00201278 0.00201278 1 1 
0.0454716 0.00201279 0.00201279 1 1 
0.0446029 0.0020128 0.0020128 1 1 
0.0437343 0.00201282 0.00201282 1 1 
0.0428656 0.00201283 0.00201283 1 1 
0.041997 0.00201284 0.00201284 1 1 
0.0411283 0.00201286 0.00201286 1 1 
0.0402596 0.00201287 0.00201287 1 1 
0.039391 0.00201288 0.00201288 1 1 
0.0385223 0.0020129 0.0020129 1 1 
0.0376536 0.00201291 0.00201291 1 1 
0.036785 0.00201292 0.00201292 1 1 
0.0359163 0.00201293 0.00201293 1 1 
0.0350477 0.00201295 0.00201295 1 1 
0.034179 0.00201296 0.00201296 1 1 
0.0333103 0.00201297 0.00201297 1 1 
0.0324417 0.00201299 0.00201299 1 1 
0.031573 0.002013 0.002013 1 1 
0.0307043 0.00201301 0.00201301 1 1 
0.0298357 0.00201303 0.00201303 1 1 
0.028967 0.00201304 0.00201304 1 1 
0.0280984 0.00201305 0.00201305 1 1 
0.0272297 0.00201307 0.00201307 1 1 
0.026361 0.00201308 0.00201308 1 1 
0.0254924 0.00201309 0.00201309 1 1 
0.0246237 0.00201311 0.00201311 1 1 
0.0237551 0.00201312 0.00201312 1 1 
0.0228864 0.00201314 0.00201314 1 1 
0.0220178 0.00201315 0.00201315 1 1 
0.0211491 0.00201316 0.00201316 1 1 
0.0202804 0.00201318 0.00201318 1 1 
0.0194118 0.00201319 0.00201319 1 1 
0.0185431 0.0020132 0.0020132 1 1 
0.0176745 0.00201322 0.00201322 1 1 
0.0168058 0.00201323 0.00201323 1 1 
0.0159372 0.00201324 0.00201324 1 1 
0.0150685 0.00201326 0.00201326 1 1 
0.0141998 0.00201327 0.00201327 1 1 
0.0133312 0.00201329 0.00201329 1 1 
0.0124625 0.0020133 0.0020133 1 1 
0.0115939 0.00201331 0.00201331 1 1 
0.0107252 0.00201333 0.00201333 1 1 
0.00985657 0.00201334 0.00201334 1 1 
0.00898792 0.00201335 0.00201335 1 1 
0.00811926 0.00201337 0.00201337 1 1 
0.00725061 0.00201338 0.00201338 1 1 
0.00638196 0.0020134 0.0020134 1 1 
0.0055133 0.00201341 0.00201341 1 1 
0.00464465 0.00201342 0.00201342 1 1 
0.003776 0.00201344 0.00201344 1 1 
0.00290735 0.00201345 0.00201345 1 1 
0.0020387 0.00201347 0.00201347 1 1 
0.00117005 0.00201348 0.00201348 1 1 
0.000301394 0.0020135 0.0020135 1 1 
-0.000567256 0.00201351 0.00201351 1 1 
