0 1.82975 1.82975 2 1 
0.0178339 1.8222 1.8222 1 1 
0.0276383 1.81803 1.81803 1 1 
0.0384192 1.81343 1.81343 1 1 
0.0491956 1.80881 1.80881 1 1 
0.0599671 1.80417 1.80417 1 1 
0.0707334 1.79951 1.79951 1 1 
0.0814938 1.79483 1.79483 1 1 
0.0922481 1.79013 1.79013 1 1 
0.102996 1.7854 1.7854 1 1 
0.113736 1.78066 1.78066 1 1 
0.124469 1.77589 1.77589 1 1 
0.135194 1.77109 1.77109 1 1 
0.14591 1.76628 1.76628 1 1 
0.156617 1.76143 1.76143 1 1 
0.167314 1.75656 1.75656 1 1 
0.178 1.75165 1.75165 1 1 
0.188676 1.74672 1.74672 1 1 
0.19934 1.74176 1.74176 1 1 
0.209992 1.73677 1.73677 1 1 
0.220632 1.73175 1.73175 1 1 
0.231257 1.72669 1.72669 1 1 
0.241868 1.7216 1.7216 1 1 
0.252465 1.71647 1.71647 1 1 
0.263045 1.7113 1.7113 1 1 
0.273609 1.7061 1.7061 1 1 
0.284156 1.70086 1.70086 1 1 
0.294684 1.69557 1.69557 1 1 
0.305193 1.69025 1.69025 1 1 
0.315681 1.68488 1.68488 1 1 
0.326149 1.67947 1.67947 1 1 
0.336594 1.67401 1.67401 1 1 
0.347016 1.6685 1.6685 1 1 
0.357414 1.66295 1.66295 1 1 
0.367786 1.65734 1.65734 1 1 
0.378132 1.65169 1.65169 1 1 
0.388449 1.64598 1.64598 1 1 
0.398737 1.64021 1.64021 1 1 
0.408994 1.63439 1.63439 1 1 
0.419219 1.62851 1.62851 1 1 
0.42941 1.62256 1.62256 1 1 
0.439565 1.61656 1.61656 1 1 
0.449684 1.61049 1.61049 1 1 
0.459763 1.60436 1.60436 1 1 
0.469802 1.59816 1.59816 1 1 
0.479798 1.59189 1.59189 1 1 
0.489748 1.58554 1.58554 1 1 
0.499652 1.57912 1.57912 1 1 
0.509507 1.57263 1.57263 1 1 
0.519309 1.56606 1.56606 1 1 
0.529058 1.5594 1.5594 1 1 
0.538749 1.55267 1.55267 1 1 
0.54838 1.54584 1.54584 1 1 
0.557948 1.53893 1.53893 1 1 
0.567451 1.53193 1.53193 1 1 
0.576883 1.52484 1.52484 1 1 
0.586243 1.51765 1.51765 1 1 
0.590894 1.51402 1.51402 1 1 
0.595526 1.51036 1.51036 1 1 
0.600137 1.50668 1.50668 1 1 
0.604728 1.50297 1.50297 1 1 
0.609297 1.49923 1.49923 1 1 
0.613845 1.49547 1.49547 1 1 
0.61837 1.49169 1.49169 1 1 
0.622873 1.48787 1.48787 1 1 
0.627352 1.48403 1.48403 1 1 
0.631806 1.48016 1.48016 1 1 
0.636236 1.47627 1.47627 1 1 
0.640641 1.47234 1.47234 1 1 
0.64502 1.46839 1.46839 1 1 
0.649372 1.4644 1.4644 1 1 
0.653696 1.46039 1.46039 1 1 
0.657992 1.45634 1.45634 1 1 
0.66226 1.45227 1.45227 1 1 
0.666497 1.44817 1.44817 1 1 
0.670704 1.44403 1.44403 1 1 
0.67488 1.43987 1.43987 1 1 
0.679024 1.43567 1.43567 1 1 
0.683135 1.43144 1.43144 1 1 
0.687212 1.42718 1.42718 1 1 
0.691255 1.42288 1.42288 1 1 
0.695262 1.41855 1.41855 1 1 
0.699232 1.41419 1.41419 1 1 
0.703165 1.4098 1.4098 1 1 
0.70706 1.40537 1.40537 1 1 
0.710915 1.40091 1.40091 1 1 
0.714729 1.39641 1.39641 1 1 
0.718502 1.39188 1.39188 1 1 
0.722232 1.38731 1.38731 1 1 
0.724081 1.38502 1.38502 1 1 
0.725919 1.38271 1.38271 1 1 
0.727745 1.3804 1.3804 1 1 
0.72956 1.37808 1.37808 1 1 
0.731364 1.37575 1.37575 1 1 
0.733156 1.3734 1.3734 1 1 
0.734936 1.37106 1.37106 1 1 
0.736704 1.3687 1.3687 1 1 
0.73846 1.36633 1.36633 1 1 
0.740204 1.36395 1.36395 1 1 
0.741936 1.36157 1.36157 1 1 
0.743654 1.35917 1.35917 1 1 
0.745361 1.35677 1.35677 1 1 
0.747054 1.35436 1.35436 1 1 
0.748734 1.35194 1.35194 1 1 
0.750401 1.34951 1.34951 1 1 
0.752055 1.34707 1.34707 1 1 
0.753695 1.34462 1.34462 1 1 
0.755322 1.34216 1.34216 1 1 
0.756935 1.33969 1.33969 1 1 
0.758533 1.33722 1.33722 1 1 
0.760118 1.33473 1.33473 1 1 
0.761688 1.33224 1.33224 1 1 
0.763244 1.32974 1.32974 1 1 
0.764785 1.32723 1.32723 1 1 
0.766311 1.32471 1.32471 1 1 
0.767823 1.32218 1.32218 1 1 
0.769319 1.31964 1.31964 1 1 
0.770799 1.31709 1.31709 1 1 
0.772265 1.31453 1.31453 1 1 
0.773714 1.31197 1.31197 1 1 
0.775148 1.30939 1.30939 1 1 
0.776565 1.30681 1.30681 1 1 
0.777967 1.30422 1.30422 1 1 
0.779352 1.30162 1.30162 1 1 
0.78072 1.29901 1.29901 1 1 
0.782072 1.29639 1.29639 1 1 
0.783407 1.29376 1.29376 1 1 
0.784725 1.29113 1.29113 1 1 
0.786025 1.28848 1.28848 1 1 
0.787309 1.28583 1.28583 1 1 
0.788574 1.28317 1.28317 1 1 
0.789822 1.2805 1.2805 1 1 
0.791052 1.27782 1.27782 1 1 
0.792264 1.27514 1.27514 1 1 
0.793457 1.27244 1.27244 1 1 
0.794632 1.26974 1.26974 1 1 
0.795789 1.26703 1.26703 1 1 
0.796927 1.26431 1.26431 1 1 
0.798045 1.26158 1.26158 1 1 
0.799145 1.25885 1.25885 1 1 
0.800226 1.25611 1.25611 1 1 
0.801287 1.25336 1.25336 1 1 
0.802329 1.2506 1.2506 1 1 
0.80335 1.24784 1.24784 1 1 
0.804352 1.24507 1.24507 1 1 
0.805334 1.24229 1.24229 1 1 
0.806296 1.2395 1.2395 1 1 
0.807238 1.23671 1.23671 1 1 
0.808159 1.23391 1.23391 1 1 
0.80906 1.2311 1.2311 1 1 
0.809939 1.22829 1.22829 1 1 
0.810798 1.22547 1.22547 1 1 
0.811636 1.22264 1.22264 1 1 
0.812453 1.21981 1.21981 1 1 
0.812854 1.21839 1.21839 1 1 
0.813249 1.21697 1.21697 1 1 
0.813639 1.21555 1.21555 1 1 
0.814023 1.21413 1.21413 1 1 
0.814403 1.2127 1.2127 1 1 
0.814776 1.21128 1.21128 1 1 
0.815145 1.20985 1.20985 1 1 
0.815508 1.20842 1.20842 1 1 
0.815865 1.20699 1.20699 1 1 
0.816217 1.20556 1.20556 1 1 
0.816564 1.20412 1.20412 1 1 
0.816905 1.20269 1.20269 1 1 
0.817241 1.20125 1.20125 1 1 
0.817571 1.19982 1.19982 1 1 
0.817896 1.19838 1.19838 1 1 
0.818215 1.19694 1.19694 1 1 
0.818529 1.1955 1.1955 1 1 
0.818837 1.19406 1.19406 1 1 
0.81914 1.19261 1.19261 1 1 
0.819437 1.19117 1.19117 1 1 
0.819729 1.18972 1.18972 1 1 
0.820015 1.18827 1.18827 1 1 
0.820295 1.18683 1.18683 1 1 
0.82057 1.18538 1.18538 1 1 
0.820839 1.18393 1.18393 1 1 
0.821103 1.18248 1.18248 1 1 
0.821361 1.18102 1.18102 1 1 
0.821613 1.17957 1.17957 1 1 
0.82186 1.17812 1.17812 1 1 
0.822101 1.17666 1.17666 1 1 
0.822337 1.1752 1.1752 1 1 
0.822566 1.17375 1.17375 1 1 
0.822791 1.17229 1.17229 1 1 
0.823009 1.17083 1.17083 1 1 
0.823222 1.16937 1.16937 1 1 
0.823429 1.16791 1.16791 1 1 
0.823631 1.16645 1.16645 1 1 
0.823826 1.16498 1.16498 1 1 
0.824016 1.16352 1.16352 1 1 
0.824201 1.16206 1.16206 1 1 
0.82438 1.16059 1.16059 1 1 
0.824553 1.15913 1.15913 1 1 
0.82472 1.15766 1.15766 1 1 
0.824881 1.15619 1.15619 1 1 
0.825037 1.15473 1.15473 1 1 
0.825188 1.15326 1.15326 1 1 
0.825332 1.15179 1.15179 1 1 
0.825471 1.15032 1.15032 1 1 
0.825604 1.14885 1.14885 1 1 
0.825731 1.14738 1.14738 1 1 
0.825853 1.14591 1.14591 1 1 
0.825968 1.14443 1.14443 1 1 
0.826079 1.14296 1.14296 1 1 
0.826183 1.14149 1.14149 1 1 
0.826282 1.14002 1.14002 1 1 
0.826375 1.13854 1.13854 1 1 
0.826462 1.13707 1.13707 1 1 
0.826543 1.13559 1.13559 1 1 
0.826619 1.13412 1.13412 1 1 
0.826689 1.13264 1.13264 1 1 
0.826754 1.13117 1.13117 1 1 
0.826812 1.12969 1.12969 1 1 
0.826865 1.12821 1.12821 1 1 
0.826912 1.12674 1.12674 1 1 
0.826954 1.12526 1.12526 1 1 
0.82699 1.12378 1.12378 1 1 
0.82702 1.12231 1.12231 1 1 
0.827044 1.12083 1.12083 1 1 
0.827063 1.11935 1.11935 1 1 
0.827076 1.11788 1.11788 1 1 
0.827084 1.1164 1.1164 1 1 
0.827085 1.11492 1.11492 1 1 
0.827082 1.11344 1.11344 1 1 
0.827072 1.11196 1.11196 1 1 
0.827057 1.11049 1.11049 1 1 
0.827036 1.10901 1.10901 1 1 
0.82701 1.10753 1.10753 1 1 
0.826977 1.10605 1.10605 1 1 
0.82694 1.10457 1.10457 1 1 
0.826896 1.1031 1.1031 1 1 
0.826847 1.10162 1.10162 1 1 
0.826793 1.10014 1.10014 1 1 
0.826733 1.09866 1.09866 1 1 
0.826667 1.09719 1.09719 1 1 
0.826596 1.09571 1.09571 1 1 
0.826519 1.09423 1.09423 1 1 
0.826437 1.09276 1.09276 1 1 
0.826349 1.09128 1.09128 1 1 
0.826255 1.0898 1.0898 1 1 
0.826201 1.08899 1.08899 2 1 
0.826151 1.08825 1.08825 2 1 
0.826094 1.08744 1.08744 2 1 
0.826029 1.08654 1.08654 2 1 
0.825956 1.08556 1.08556 2 1 
0.82588 1.08458 1.08458 2 1 
0.825802 1.0836 1.0836 2 1 
0.825721 1.08262 1.08262 2 1 
0.825638 1.08164 1.08164 2 1 
0.825553 1.08066 1.08066 2 1 
0.825465 1.07968 1.07968 2 1 
0.825375 1.07869 1.07869 2 1 
0.825282 1.07771 1.07771 2 1 
0.825187 1.07673 1.07673 2 1 
0.82509 1.07575 1.07575 2 1 
0.82499 1.07477 1.07477 2 1 
0.824887 1.07379 1.07379 2 1 
0.824783 1.07282 1.07282 2 1 
0.824676 1.07184 1.07184 2 1 
0.824566 1.07086 1.07086 2 1 
0.824455 1.06988 1.06988 2 1 
0.824341 1.0689 1.0689 2 1 
0.824224 1.06792 1.06792 2 1 
0.824105 1.06694 1.06694 2 1 
0.823984 1.06597 1.06597 2 1 
0.82386 1.06499 1.06499 2 1 
0.823735 1.06401 1.06401 2 1 
0.823606 1.06304 1.06304 2 1 
0.823476 1.06206 1.06206 2 1 
0.823343 1.06108 1.06108 2 1 
0.823207 1.06011 1.06011 2 1 
0.82307 1.05913 1.05913 2 1 
0.82293 1.05816 1.05816 2 1 
0.822788 1.05718 1.05718 2 1 
0.822643 1.05621 1.05621 2 1 
0.822496 1.05523 1.05523 2 1 
0.822347 1.05426 1.05426 2 1 
0.822196 1.05328 1.05328 2 1 
0.822042 1.05231 1.05231 2 1 
0.821886 1.05134 1.05134 2 1 
0.821727 1.05036 1.05036 2 1 
0.821567 1.04939 1.04939 2 1 
0.821404 1.04842 1.04842 2 1 
0.821239 1.04745 1.04745 2 1 
0.821071 1.04647 1.04647 2 1 
0.820902 1.0455 1.0455 2 1 
0.82073 1.04453 1.04453 2 1 
0.820556 1.04356 1.04356 2 1 
0.820379 1.04259 1.04259 2 1 
0.8202 1.04162 1.04162 2 1 
0.820019 1.04065 1.04065 2 1 
0.819836 1.03968 1.03968 2 1 
0.819651 1.03872 1.03872 2 1 
0.819463 1.03775 1.03775 2 1 
0.819273 1.03678 1.03678 2 1 
0.819081 1.03581 1.03581 2 1 
0.818887 1.03485 1.03485 2 1 
0.818691 1.03388 1.03388 2 1 
0.818492 1.03291 1.03291 2 1 
0.818291 1.03195 1.03195 2 1 
0.818088 1.03098 1.03098 2 1 
0.817883 1.03002 1.03002 2 1 
0.817676 1.02905 1.02905 2 1 
0.817466 1.02809 1.02809 2 1 
0.817254 1.02713 1.02713 2 1 
0.81704 1.02616 1.02616 2 1 
0.816824 1.0252 1.0252 2 1 
0.816606 1.02424 1.02424 2 1 
0.816386 1.02328 1.02328 2 1 
0.816163 1.02231 1.02231 2 1 
0.815939 1.02135 1.02135 2 1 
0.815712 1.02039 1.02039 2 1 
0.815483 1.01943 1.01943 2 1 
0.815252 1.01847 1.01847 2 1 
0.815019 1.01751 1.01751 2 1 
0.814784 1.01656 1.01656 2 1 
0.814547 1.0156 1.0156 2 1 
0.814307 1.01464 1.01464 2 1 
0.814066 1.01368 1.01368 2 1 
0.813822 1.01273 1.01273 2 1 
0.813577 1.01177 1.01177 2 1 
0.813329 1.01082 1.01082 2 1 
0.813079 1.00986 1.00986 2 1 
0.812827 1.00891 1.00891 2 1 
0.812574 1.00795 1.00795 2 1 
0.812318 1.007 1.007 2 1 
0.81206 1.00605 1.00605 2 1 
0.8118 1.00509 1.00509 2 1 
0.811538 1.00414 1.00414 2 1 
0.811273 1.00319 1.00319 2 1 
0.811007 1.00224 1.00224 2 1 
0.810739 1.00129 1.00129 2 1 
0.810469 1.00034 1.00034 2 1 
0.810197 0.999389 0.999389 2 1 
0.809923 0.99844 0.99844 2 1 
0.809647 0.997492 0.997492 2 1 
0.809369 0.996544 0.996544 2 1 
0.809088 0.995597 0.995597 2 1 
0.808806 0.99465 0.99465 2 1 
0.808522 0.993704 0.993704 2 1 
0.808236 0.992759 0.992759 2 1 
0.807948 0.991814 0.991814 2 1 
0.807658 0.99087 0.99087 2 1 
0.807366 0.989926 0.989926 2 1 
0.807073 0.988983 0.988983 2 1 
0.806777 0.98804 0.98804 2 1 
0.806479 0.987098 0.987098 2 1 
0.80618 0.986156 0.986156 2 1 
0.805878 0.985216 0.985216 2 1 
0.805575 0.984275 0.984275 2 1 
0.805269 0.983335 0.983335 2 1 
0.804962 0.982396 0.982396 2 1 
0.804653 0.981458 0.981458 2 1 
0.804342 0.98052 0.98052 2 1 
0.804029 0.979582 0.979582 2 1 
0.803714 0.978646 0.978646 2 1 
0.803397 0.977709 0.977709 2 1 
0.803079 0.976774 0.976774 2 1 
0.802758 0.975839 0.975839 2 1 
0.802436 0.974904 0.974904 2 1 
0.802112 0.973971 0.973971 2 1 
0.801786 0.973038 0.973038 2 1 
0.801458 0.972105 0.972105 2 1 
0.801128 0.971173 0.971173 2 1 
0.800797 0.970242 0.970242 2 1 
0.800463 0.969311 0.969311 2 1 
0.800128 0.968381 0.968381 2 1 
0.799791 0.967451 0.967451 2 1 
0.799453 0.966523 0.966523 2 1 
0.799112 0.965594 0.965594 2 1 
0.79877 0.964667 0.964667 2 1 
0.798426 0.96374 0.96374 2 1 
0.79808 0.962814 0.962814 2 1 
0.797732 0.961888 0.961888 2 1 
0.797383 0.960963 0.960963 2 1 
0.797031 0.960038 0.960038 2 1 
0.796643 0.959022 0.959022 2 1 
0.796252 0.958007 0.958007 2 1 
0.79586 0.956992 0.956992 2 1 
0.795465 0.955979 0.955979 2 1 
0.795068 0.954965 0.954965 2 1 
0.794669 0.953953 0.953953 2 1 
0.794268 0.952942 0.952942 2 1 
0.793865 0.951931 0.951931 2 1 
0.79346 0.950921 0.950921 2 1 
0.793053 0.949912 0.949912 2 1 
0.792644 0.948904 0.948904 2 1 
0.792232 0.947896 0.947896 2 1 
0.791819 0.94689 0.94689 2 1 
0.791403 0.945884 0.945884 2 1 
0.790986 0.944879 0.944879 2 1 
0.790567 0.943874 0.943874 2 1 
0.790145 0.942871 0.942871 2 1 
0.789722 0.941868 0.941868 2 1 
0.789296 0.940866 0.940866 2 1 
0.788869 0.939865 0.939865 2 1 
0.788439 0.938865 0.938865 2 1 
0.788008 0.937866 0.937866 2 1 
0.787575 0.936867 0.936867 2 1 
0.787139 0.935869 0.935869 2 1 
0.786702 0.934872 0.934872 2 1 
0.786263 0.933876 0.933876 2 1 
0.785822 0.932881 0.932881 2 1 
0.785379 0.931886 0.931886 2 1 
0.784933 0.930893 0.930893 2 1 
0.784487 0.9299 0.9299 2 1 
0.784038 0.928908 0.928908 2 1 
0.783587 0.927916 0.927916 2 1 
0.783134 0.926926 0.926926 2 1 
0.78268 0.925936 0.925936 2 1 
0.782223 0.924948 0.924948 2 1 
0.781765 0.92396 0.92396 2 1 
0.781305 0.922973 0.922973 2 1 
0.780843 0.921986 0.921986 2 1 
0.780379 0.921001 0.921001 2 1 
0.779913 0.920017 0.920017 2 1 
0.779446 0.919033 0.919033 2 1 
0.778976 0.91805 0.91805 2 1 
0.778505 0.917068 0.917068 2 1 
0.778032 0.916087 0.916087 2 1 
0.777557 0.915106 0.915106 2 1 
0.777081 0.914127 0.914127 2 1 
0.776602 0.913148 0.913148 2 1 
0.776122 0.91217 0.91217 2 1 
0.77564 0.911193 0.911193 2 1 
0.775156 0.910217 0.910217 2 1 
0.77467 0.909242 0.909242 2 1 
0.774183 0.908267 0.908267 2 1 
0.773694 0.907294 0.907294 2 1 
0.773203 0.906321 0.906321 2 1 
0.77271 0.905349 0.905349 2 1 
0.772216 0.904378 0.904378 2 1 
0.77172 0.903408 0.903408 2 1 
0.771222 0.902438 0.902438 2 1 
0.770723 0.90147 0.90147 2 1 
0.770222 0.900502 0.900502 2 1 
0.769719 0.899535 0.899535 2 1 
0.769214 0.89857 0.89857 2 1 
0.768708 0.897604 0.897604 2 1 
0.7682 0.89664 0.89664 2 1 
0.76769 0.895677 0.895677 2 1 
0.767179 0.894714 0.894714 2 1 
0.766666 0.893753 0.893753 2 1 
0.766151 0.892792 0.892792 2 1 
0.765635 0.891832 0.891832 2 1 
0.765117 0.890873 0.890873 2 1 
0.764597 0.889914 0.889914 2 1 
0.764076 0.888957 0.888957 2 1 
0.763501 0.887905 0.887905 2 1 
0.762923 0.886854 0.886854 2 1 
0.762344 0.885804 0.885804 2 1 
0.761763 0.884755 0.884755 2 1 
0.76118 0.883707 0.883707 2 1 
0.760595 0.88266 0.88266 2 1 
0.760008 0.881614 0.881614 2 1 
0.759419 0.880569 0.880569 2 1 
0.758829 0.879525 0.879525 2 1 
0.758236 0.878482 0.878482 2 1 
0.757641 0.877441 0.877441 2 1 
0.757045 0.8764 0.8764 2 1 
0.756447 0.87536 0.87536 2 1 
0.755847 0.874322 0.874322 2 1 
0.755245 0.873284 0.873284 2 1 
0.754641 0.872247 0.872247 2 1 
0.754035 0.871212 0.871212 2 1 
0.753428 0.870178 0.870178 2 1 
0.752818 0.869144 0.869144 2 1 
0.752207 0.868112 0.868112 2 1 
0.751594 0.86708 0.86708 2 1 
0.75098 0.86605 0.86605 2 1 
0.750363 0.865021 0.865021 2 1 
0.749745 0.863992 0.863992 2 1 
0.749125 0.862965 0.862965 2 1 
0.748503 0.861939 0.861939 2 1 
0.747879 0.860914 0.860914 2 1 
0.747254 0.85989 0.85989 2 1 
0.746627 0.858867 0.858867 2 1 
0.745998 0.857845 0.857845 2 1 
0.745367 0.856824 0.856824 2 1 
0.744735 0.855804 0.855804 2 1 
0.744101 0.854785 0.854785 2 1 
0.743465 0.853767 0.853767 2 1 
0.742828 0.85275 0.85275 2 1 
0.742189 0.851735 0.851735 2 1 
0.741548 0.85072 0.85072 2 1 
0.740905 0.849706 0.849706 2 1 
0.740261 0.848693 0.848693 2 1 
0.739615 0.847682 0.847682 2 1 
0.738968 0.846671 0.846671 2 1 
0.738318 0.845661 0.845661 2 1 
0.737668 0.844653 0.844653 2 1 
0.737015 0.843645 0.843645 2 1 
0.736361 0.842639 0.842639 2 1 
0.735705 0.841633 0.841633 2 1 
0.735048 0.840629 0.840629 2 1 
0.734389 0.839625 0.839625 2 1 
0.733728 0.838623 0.838623 2 1 
0.733066 0.837622 0.837622 2 1 
0.732402 0.836621 0.836621 2 1 
0.731737 0.835622 0.835622 2 1 
0.73107 0.834624 0.834624 2 1 
0.730402 0.833627 0.833627 2 1 
0.729732 0.83263 0.83263 2 1 
0.72906 0.831635 0.831635 2 1 
0.728387 0.830641 0.830641 2 1 
0.727645 0.829548 0.829548 2 1 
0.726901 0.828457 0.828457 2 1 
0.726155 0.827367 0.827367 2 1 
0.725407 0.826278 0.826278 2 1 
0.724657 0.825191 0.825191 2 1 
0.723906 0.824105 0.824105 2 1 
0.723152 0.82302 0.82302 2 1 
0.722397 0.821936 0.821936 2 1 
0.72164 0.820853 0.820853 2 1 
0.720882 0.819772 0.819772 2 1 
0.720121 0.818692 0.818692 2 1 
0.719359 0.817613 0.817613 2 1 
0.718595 0.816535 0.816535 2 1 
0.717829 0.815459 0.815459 2 1 
0.717062 0.814383 0.814383 2 1 
0.716292 0.813309 0.813309 2 1 
0.715521 0.812237 0.812237 2 1 
0.714749 0.811165 0.811165 2 1 
0.713974 0.810095 0.810095 2 1 
0.713198 0.809025 0.809025 2 1 
0.71242 0.807957 0.807957 2 1 
0.711641 0.806891 0.806891 2 1 
0.710859 0.805825 0.805825 2 1 
0.710076 0.804761 0.804761 2 1 
0.709292 0.803698 0.803698 2 1 
0.708505 0.802636 0.802636 2 1 
0.707718 0.801575 0.801575 2 1 
0.706928 0.800515 0.800515 2 1 
0.706137 0.799457 0.799457 2 1 
0.705344 0.7984 0.7984 2 1 
0.704549 0.797344 0.797344 2 1 
0.703753 0.796289 0.796289 2 1 
0.702956 0.795236 0.795236 2 1 
0.702156 0.794183 0.794183 2 1 
0.701355 0.793132 0.793132 2 1 
0.700553 0.792082 0.792082 2 1 
0.699749 0.791034 0.791034 2 1 
0.698943 0.789986 0.789986 2 1 
0.698136 0.78894 0.78894 2 1 
0.697327 0.787894 0.787894 2 1 
0.696517 0.78685 0.78685 2 1 
0.695705 0.785807 0.785807 2 1 
0.694891 0.784766 0.784766 2 1 
0.694076 0.783725 0.783725 2 1 
0.69326 0.782686 0.782686 2 1 
0.692442 0.781648 0.781648 2 1 
0.691622 0.780611 0.780611 2 1 
0.690801 0.779575 0.779575 2 1 
0.689979 0.77854 0.77854 2 1 
0.689155 0.777507 0.777507 2 1 
0.688329 0.776475 0.776475 2 1 
0.687502 0.775443 0.775443 2 1 
0.686674 0.774414 0.774414 2 1 
0.685761 0.773282 0.773282 2 1 
0.684846 0.772152 0.772152 2 1 
0.68393 0.771023 0.771023 2 1 
0.683011 0.769895 0.769895 2 1 
0.682091 0.768769 0.768769 2 1 
0.68117 0.767645 0.767645 2 1 
0.680246 0.766522 0.766522 2 1 
0.679321 0.7654 0.7654 2 1 
0.678394 0.764279 0.764279 2 1 
0.677466 0.76316 0.76316 2 1 
0.676535 0.762043 0.762043 2 1 
0.675603 0.760926 0.760926 2 1 
0.67467 0.759811 0.759811 2 1 
0.673734 0.758698 0.758698 2 1 
0.672798 0.757586 0.757586 2 1 
0.671859 0.756475 0.756475 2 1 
0.670919 0.755365 0.755365 2 1 
0.669977 0.754257 0.754257 2 1 
0.669033 0.753151 0.753151 2 1 
0.668088 0.752045 0.752045 2 1 
0.667142 0.750941 0.750941 2 1 
0.666193 0.749839 0.749839 2 1 
0.665243 0.748738 0.748738 2 1 
0.664292 0.747638 0.747638 2 1 
0.663339 0.746539 0.746539 2 1 
0.662384 0.745442 0.745442 2 1 
0.661428 0.744346 0.744346 2 1 
0.66047 0.743252 0.743252 2 1 
0.659511 0.742158 0.742158 2 1 
0.65855 0.741067 0.741067 2 1 
0.657588 0.739976 0.739976 2 1 
0.656624 0.738887 0.738887 2 1 
0.655658 0.737799 0.737799 2 1 
0.654692 0.736713 0.736713 2 1 
0.653723 0.735628 0.735628 2 1 
0.652753 0.734544 0.734544 2 1 
0.651782 0.733461 0.733461 2 1 
0.650809 0.73238 0.73238 2 1 
0.649835 0.7313 0.7313 2 1 
0.648859 0.730222 0.730222 2 1 
0.647881 0.729144 0.729144 2 1 
0.646903 0.728068 0.728068 2 1 
0.645922 0.726994 0.726994 2 1 
0.644941 0.725921 0.725921 2 1 
0.643958 0.724849 0.724849 2 1 
0.642973 0.723778 0.723778 2 1 
0.641987 0.722709 0.722709 2 1 
0.641 0.72164 0.72164 2 1 
0.640011 0.720574 0.720574 2 1 
0.639021 0.719508 0.719508 2 1 
0.63793 0.718338 0.718338 2 1 
0.636838 0.717169 0.717169 2 1 
0.635744 0.716001 0.716001 2 1 
0.634648 0.714835 0.714835 2 1 
0.63355 0.713671 0.713671 2 1 
0.632451 0.712508 0.712508 2 1 
0.631351 0.711347 0.711347 2 1 
0.630248 0.710187 0.710187 2 1 
0.629144 0.709029 0.709029 2 1 
0.628039 0.707873 0.707873 2 1 
0.626931 0.706718 0.706718 2 1 
0.625823 0.705564 0.705564 2 1 
0.624712 0.704412 0.704412 2 1 
0.6236 0.703262 0.703262 2 1 
0.622487 0.702113 0.702113 2 1 
0.621372 0.700965 0.700965 2 1 
0.620255 0.699819 0.699819 2 1 
0.619137 0.698675 0.698675 2 1 
0.618017 0.697532 0.697532 2 1 
0.616896 0.69639 0.69639 2 1 
0.615773 0.69525 0.69525 2 1 
0.614649 0.694112 0.694112 2 1 
0.613523 0.692975 0.692975 2 1 
0.612396 0.69184 0.69184 2 1 
0.611267 0.690706 0.690706 2 1 
0.610136 0.689573 0.689573 2 1 
0.609005 0.688442 0.688442 2 1 
0.607871 0.687313 0.687313 2 1 
0.606737 0.686185 0.686185 2 1 
0.6056 0.685058 0.685058 2 1 
0.604463 0.683933 0.683933 2 1 
0.603324 0.68281 0.68281 2 1 
0.602183 0.681688 0.681688 2 1 
0.601041 0.680567 0.680567 2 1 
0.599898 0.679448 0.679448 2 1 
0.598753 0.67833 0.67833 2 1 
0.597607 0.677214 0.677214 2 1 
0.596459 0.676099 0.676099 2 1 
0.59531 0.674986 0.674986 2 1 
0.59416 0.673874 0.673874 2 1 
0.593008 0.672763 0.672763 2 1 
0.591855 0.671654 0.671654 2 1 
0.590701 0.670546 0.670546 2 1 
0.589545 0.66944 0.66944 2 1 
0.588387 0.668336 0.668336 2 1 
0.587229 0.667232 0.667232 2 1 
0.586069 0.66613 0.66613 2 1 
0.584908 0.66503 0.66503 2 1 
0.583745 0.663931 0.663931 2 1 
0.582581 0.662833 0.662833 2 1 
0.581416 0.661737 0.661737 2 1 
0.580249 0.660642 0.660642 2 1 
0.579082 0.659549 0.659549 2 1 
0.577795 0.658348 0.658348 2 1 
0.576508 0.657148 0.657148 2 1 
0.575219 0.655951 0.655951 2 1 
0.573928 0.654755 0.654755 2 1 
0.572635 0.65356 0.65356 2 1 
0.571342 0.652368 0.652368 2 1 
0.570046 0.651177 0.651177 2 1 
0.568749 0.649987 0.649987 2 1 
0.567451 0.6488 0.6488 2 1 
0.566151 0.647614 0.647614 2 1 
0.56485 0.646429 0.646429 2 1 
0.563547 0.645247 0.645247 2 1 
0.562243 0.644066 0.644066 2 1 
0.560937 0.642887 0.642887 2 1 
0.559629 0.641709 0.641709 2 1 
0.558321 0.640533 0.640533 2 1 
0.557011 0.639358 0.639358 2 1 
0.555699 0.638186 0.638186 2 1 
0.554386 0.637015 0.637015 2 1 
0.553072 0.635845 0.635845 2 1 
0.551756 0.634677 0.634677 2 1 
0.550438 0.633511 0.633511 2 1 
0.54912 0.632346 0.632346 2 1 
0.5478 0.631184 0.631184 2 1 
0.546478 0.630022 0.630022 2 1 
0.545155 0.628862 0.628862 2 1 
0.543831 0.627704 0.627704 2 1 
0.542506 0.626548 0.626548 2 1 
0.541179 0.625393 0.625393 2 1 
0.53985 0.624239 0.624239 2 1 
0.538521 0.623088 0.623088 2 1 
0.53719 0.621938 0.621938 2 1 
0.535858 0.620789 0.620789 2 1 
0.534524 0.619642 0.619642 2 1 
0.533189 0.618497 0.618497 2 1 
0.531853 0.617353 0.617353 2 1 
0.530515 0.61621 0.61621 2 1 
0.529176 0.61507 0.61507 2 1 
0.527836 0.613931 0.613931 2 1 
0.526495 0.612793 0.612793 2 1 
0.525152 0.611657 0.611657 2 1 
0.523808 0.610523 0.610523 2 1 
0.522463 0.60939 0.60939 2 1 
0.521116 0.608258 0.608258 2 1 
0.519769 0.607129 0.607129 2 1 
0.51842 0.606 0.606 2 1 
0.517069 0.604874 0.604874 2 1 
0.515718 0.603749 0.603749 2 1 
0.514365 0.602625 0.602625 2 1 
0.513011 0.601503 0.601503 2 1 
0.511656 0.600382 0.600382 2 1 
0.5103 0.599263 0.599263 2 1 
0.508942 0.598146 0.598146 2 1 
0.507583 0.59703 0.59703 2 1 
0.506223 0.595915 0.595915 2 1 
0.504862 0.594802 0.594802 2 1 
0.503364 0.59358 0.59358 2 1 
0.501864 0.592359 0.592359 2 1 
0.500362 0.59114 0.59114 2 1 
0.498859 0.589923 0.589923 2 1 
0.497355 0.588708 0.588708 2 1 
0.495849 0.587494 0.587494 2 1 
0.494342 0.586283 0.586283 2 1 
0.492834 0.585073 0.585073 2 1 
0.491324 0.583865 0.583865 2 1 
0.489813 0.582659 0.582659 2 1 
0.488301 0.581454 0.581454 2 1 
0.486787 0.580251 0.580251 2 1 
0.485272 0.579051 0.579051 2 1 
0.483755 0.577851 0.577851 2 1 
0.482237 0.576654 0.576654 2 1 
0.480718 0.575458 0.575458 2 1 
0.479198 0.574265 0.574265 2 1 
0.477676 0.573072 0.573072 2 1 
0.476153 0.571882 0.571882 2 1 
0.474629 0.570694 0.570694 2 1 
0.473103 0.569507 0.569507 2 1 
0.471576 0.568322 0.568322 2 1 
0.470048 0.567138 0.567138 2 1 
0.468518 0.565957 0.565957 2 1 
0.466988 0.564777 0.564777 2 1 
0.465456 0.563599 0.563599 2 1 
0.463923 0.562422 0.562422 2 1 
0.462388 0.561247 0.561247 2 1 
0.460853 0.560074 0.560074 2 1 
0.459316 0.558903 0.558903 2 1 
0.457778 0.557734 0.557734 2 1 
0.456238 0.556566 0.556566 2 1 
0.454698 0.5554 0.5554 2 1 
0.453156 0.554235 0.554235 2 1 
0.451613 0.553072 0.553072 2 1 
0.450069 0.551911 0.551911 2 1 
0.448524 0.550752 0.550752 2 1 
0.446978 0.549594 0.549594 2 1 
0.44543 0.548438 0.548438 2 1 
0.443881 0.547284 0.547284 2 1 
0.442331 0.546131 0.546131 2 1 
0.44078 0.54498 0.54498 2 1 
0.439228 0.543831 0.543831 2 1 
0.437675 0.542683 0.542683 2 1 
0.43612 0.541537 0.541537 2 1 
0.434565 0.540393 0.540393 2 1 
0.433008 0.53925 0.53925 2 1 
0.43145 0.538109 0.538109 2 1 
0.429892 0.53697 0.53697 2 1 
0.428332 0.535832 0.535832 2 1 
0.42677 0.534696 0.534696 2 1 
0.425208 0.533562 0.533562 2 1 
0.423645 0.532429 0.532429 2 1 
0.422081 0.531298 0.531298 2 1 
0.420515 0.530168 0.530168 2 1 
0.418949 0.52904 0.52904 2 1 
0.417381 0.527914 0.527914 2 1 
0.415813 0.526789 0.526789 2 1 
0.414243 0.525666 0.525666 2 1 
0.412672 0.524545 0.524545 2 1 
0.411101 0.523425 0.523425 2 1 
0.409528 0.522307 0.522307 2 1 
0.407954 0.52119 0.52119 2 1 
0.406379 0.520075 0.520075 2 1 
0.404804 0.518962 0.518962 2 1 
0.403227 0.51785 0.51785 2 1 
0.401491 0.516629 0.516629 2 1 
0.399754 0.515409 0.515409 2 1 
0.398016 0.514192 0.514192 2 1 
0.396277 0.512977 0.512977 2 1 
0.394536 0.511763 0.511763 2 1 
0.392795 0.510551 0.510551 2 1 
0.391052 0.509342 0.509342 2 1 
0.389308 0.508134 0.508134 2 1 
0.387563 0.506928 0.506928 2 1 
0.385817 0.505724 0.505724 2 1 
0.384069 0.504522 0.504522 2 1 
0.382321 0.503321 0.503321 2 1 
0.380571 0.502123 0.502123 2 1 
0.37882 0.500927 0.500927 2 1 
0.377068 0.499732 0.499732 2 1 
0.375315 0.498539 0.498539 2 1 
0.373561 0.497348 0.497348 2 1 
0.371806 0.496159 0.496159 2 1 
0.370049 0.494972 0.494972 2 1 
0.368292 0.493787 0.493787 2 1 
0.366534 0.492603 0.492603 2 1 
0.364774 0.491421 0.491421 2 1 
0.363013 0.490242 0.490242 2 1 
0.361252 0.489064 0.489064 2 1 
0.359489 0.487888 0.487888 2 1 
0.357725 0.486713 0.486713 2 1 
0.35596 0.485541 0.485541 2 1 
0.354194 0.48437 0.48437 2 1 
0.352427 0.483201 0.483201 2 1 
0.350659 0.482034 0.482034 2 1 
0.34889 0.480869 0.480869 2 1 
0.34712 0.479706 0.479706 2 1 
0.34535 0.478544 0.478544 2 1 
0.343578 0.477384 0.477384 2 1 
0.341805 0.476226 0.476226 2 1 
0.340031 0.47507 0.47507 2 1 
0.338256 0.473916 0.473916 2 1 
0.33648 0.472763 0.472763 2 1 
0.334703 0.471612 0.471612 2 1 
0.332925 0.470463 0.470463 2 1 
0.331146 0.469316 0.469316 2 1 
0.329367 0.468171 0.468171 2 1 
0.327586 0.467027 0.467027 2 1 
0.325804 0.465885 0.465885 2 1 
0.324022 0.464745 0.464745 2 1 
0.322238 0.463607 0.463607 2 1 
0.320454 0.46247 0.46247 2 1 
0.318669 0.461335 0.461335 2 1 
0.316882 0.460202 0.460202 2 1 
0.315095 0.459071 0.459071 2 1 
0.313307 0.457941 0.457941 2 1 
0.311518 0.456813 0.456813 2 1 
0.309729 0.455687 0.455687 2 1 
0.307938 0.454563 0.454563 2 1 
0.306146 0.45344 0.45344 2 1 
0.304354 0.452319 0.452319 2 1 
0.302561 0.4512 0.4512 2 1 
0.300766 0.450083 0.450083 2 1 
0.298971 0.448967 0.448967 2 1 
0.297176 0.447853 0.447853 2 1 
0.295379 0.446741 0.446741 2 1 
0.293581 0.44563 0.44563 2 1 
0.291783 0.444522 0.444522 2 1 
0.289984 0.443414 0.443414 2 1 
0.288184 0.442309 0.442309 2 1 
0.286383 0.441205 0.441205 2 1 
0.284581 0.440103 0.440103 2 1 
0.282779 0.439003 0.439003 2 1 
0.280976 0.437905 0.437905 2 1 
0.279172 0.436808 0.436808 2 1 
0.277367 0.435713 0.435713 2 1 
0.275561 0.434619 0.434619 2 1 
0.273755 0.433527 0.433527 2 1 
0.271948 0.432437 0.432437 2 1 
0.27014 0.431349 0.431349 2 1 
0.268331 0.430262 0.430262 2 1 
0.266522 0.429177 0.429177 2 1 
0.264712 0.428093 0.428093 2 1 
0.262901 0.427012 0.427012 2 1 
0.261089 0.425932 0.425932 2 1 
0.259277 0.424853 0.424853 2 1 
0.257464 0.423777 0.423777 2 1 
0.25565 0.422702 0.422702 2 1 
0.253654 0.421521 0.421521 2 1 
0.251657 0.420342 0.420342 2 1 
0.24966 0.419166 0.419166 2 1 
0.247661 0.417991 0.417991 2 1 
0.245662 0.416818 0.416818 2 1 
0.243661 0.415648 0.415648 2 1 
0.24166 0.414479 0.414479 2 1 
0.239658 0.413312 0.413312 2 1 
0.237656 0.412148 0.412148 2 1 
0.235652 0.410985 0.410985 2 1 
0.233648 0.409824 0.409824 2 1 
0.231643 0.408666 0.408666 2 1 
0.229637 0.407509 0.407509 2 1 
0.22763 0.406354 0.406354 2 1 
0.225623 0.405201 0.405201 2 1 
0.223615 0.40405 0.40405 2 1 
0.221606 0.402901 0.402901 2 1 
0.219596 0.401755 0.401755 2 1 
0.217585 0.40061 0.40061 2 1 
0.215574 0.399467 0.399467 2 1 
0.213562 0.398325 0.398325 2 1 
0.21155 0.397186 0.397186 2 1 
0.209536 0.396049 0.396049 2 1 
0.207522 0.394914 0.394914 2 1 
0.205508 0.393781 0.393781 2 1 
0.203492 0.392649 0.392649 2 1 
0.201476 0.39152 0.39152 2 1 
0.199459 0.390392 0.390392 2 1 
0.197442 0.389267 0.389267 2 1 
0.195423 0.388143 0.388143 2 1 
0.193405 0.387021 0.387021 2 1 
0.191385 0.385902 0.385902 2 1 
0.189365 0.384784 0.384784 2 1 
0.187344 0.383668 0.383668 2 1 
0.185323 0.382554 0.382554 2 1 
0.183301 0.381442 0.381442 2 1 
0.181278 0.380331 0.380331 2 1 
0.179255 0.379223 0.379223 2 1 
0.177231 0.378117 0.378117 2 1 
0.175206 0.377012 0.377012 2 1 
0.173181 0.37591 0.37591 2 1 
0.171156 0.374809 0.374809 2 1 
0.169129 0.37371 0.37371 2 1 
0.167103 0.372613 0.372613 2 1 
0.165075 0.371518 0.371518 2 1 
0.163047 0.370425 0.370425 2 1 
0.161019 0.369334 0.369334 2 1 
0.15899 0.368245 0.368245 2 1 
0.15696 0.367157 0.367157 2 1 
0.15493 0.366072 0.366072 2 1 
0.152899 0.364988 0.364988 2 1 
0.150868 0.363906 0.363906 2 1 
0.148836 0.362826 0.362826 2 1 
0.146804 0.361748 0.361748 2 1 
0.144771 0.360672 0.360672 2 1 
0.142738 0.359597 0.359597 2 1 
0.140704 0.358525 0.358525 2 1 
0.13867 0.357454 0.357454 2 1 
0.136636 0.356386 0.356386 2 1 
0.134601 0.355319 0.355319 2 1 
0.132565 0.354254 0.354254 2 1 
0.130529 0.353191 0.353191 2 1 
0.128492 0.352129 0.352129 2 1 
0.126456 0.35107 0.35107 2 1 
0.124418 0.350012 0.350012 2 1 
0.12238 0.348957 0.348957 2 1 
0.120342 0.347903 0.347903 2 1 
0.118304 0.346851 0.346851 2 1 
0.116265 0.3458 0.3458 2 1 
0.114225 0.344752 0.344752 2 1 
0.112186 0.343706 0.343706 2 1 
0.110145 0.342661 0.342661 2 1 
0.108105 0.341618 0.341618 2 1 
0.106064 0.340577 0.340577 2 1 
0.104023 0.339538 0.339538 2 1 
0.101981 0.338501 0.338501 2 1 
0.0999391 0.337465 0.337465 2 1 
0.0978968 0.336431 0.336431 2 1 
0.0958541 0.3354 0.3354 2 1 
0.0938111 0.33437 0.33437 2 1 
0.0915635 0.333239 0.333239 2 1 
0.0893155 0.33211 0.33211 2 1 
0.0870671 0.330983 0.330983 2 1 
0.0848183 0.329859 0.329859 2 1 
0.0825692 0.328737 0.328737 2 1 
0.0803198 0.327617 0.327617 2 1 
0.07807 0.3265 0.3265 2 1 
0.0758199 0.325384 0.325384 2 1 
0.0735695 0.324271 0.324271 2 1 
0.0713188 0.32316 0.32316 2 1 
0.0690678 0.322051 0.322051 2 1 
0.0668165 0.320944 0.320944 2 1 
0.064565 0.31984 0.31984 2 1 
0.0623131 0.318737 0.318737 2 1 
0.0600611 0.317637 0.317637 2 1 
0.0578088 0.316539 0.316539 2 1 
0.0555562 0.315443 0.315443 2 1 
0.0533035 0.31435 0.31435 2 1 
0.0510505 0.313258 0.313258 2 1 
0.0487973 0.312169 0.312169 2 1 
0.0465439 0.311082 0.311082 2 1 
0.0442903 0.309997 0.309997 2 1 
0.0420366 0.308915 0.308915 2 1 
0.0397827 0.307834 0.307834 2 1 
0.0375287 0.306756 0.306756 2 1 
0.0352745 0.30568 0.30568 2 1 
0.0330202 0.304606 0.304606 2 1 
0.0305402 0.303427 0.303427 2 1 
0.0280602 0.30225 0.30225 2 1 
0.0255801 0.301077 0.301077 2 1 
0.0230998 0.299906 0.299906 2 1 
0.0206194 0.298737 0.298737 2 1 
0.018139 0.297571 0.297571 2 1 
0.0156585 0.296408 0.296408 2 1 
0.013178 0.295248 0.295248 2 1 
0.0106974 0.29409 0.29409 2 1 
0.0079687 0.292819 0.292819 2 1 
0.00524002 0.291551 0.291551 2 1 
0.00251135 0.290287 0.290287 2 1 
-0.000217292 0.289026 0.289026 2 1 
2 0.00300807 0.00300807 2 1 
1.98 0.00300815 0.00300815 1 1 
1.969 0.0030082 0.0030082 1 1 
1.9569 0.00300825 0.00300825 1 1 
1.94359 0.0030083 0.0030083 1 1 
1.92895 0.00300837 0.00300837 1 1 
1.91284 0.00300844 0.00300844 1 1 
1.89674 0.0030085 0.0030085 1 1 
1.88063 0.00300857 0.00300857 1 1 
1.86453 0.00300865 0.00300865 1 1 
1.84842 0.00300872 0.00300872 1 1 
1.83232 0.00300879 0.00300879 1 1 
1.81621 0.00300886 0.00300886 1 1 
1.80011 0.00300894 0.00300894 1 1 
1.784 0.00300901 0.00300901 1 1 
1.7679 0.00300909 0.00300909 1 1 
1.75179 0.00300917 0.00300917 1 1 
1.73569 0.00300924 0.00300924 1 1 
1.71958 0.00300932 0.00300932 1 1 
1.70348 0.0030094 0.0030094 1 1 
1.68737 0.00300948 0.00300948 1 1 
1.67127 0.00300957 0.00300957 1 1 
1.65516 0.00300965 0.00300965 1 1 
1.63906 0.00300973 0.00300973 1 1 
1.62295 0.00300982 0.00300982 1 1 
1.60685 0.0030099 0.0030099 1 1 
1.59074 0.00300999 0.00300999 1 1 
1.57464 0.00301008 0.00301008 1 1 
1.55853 0.00301017 0.00301017 1 1 
1.54243 0.00301026 0.00301026 1 1 
1.52632 0.00301035 0.00301035 1 1 
1.51022 0.00301044 0.00301044 1 1 
1.49411 0.00301053 0.00301053 1 1 
1.47801 0.00301063 0.00301063 1 1 
1.4619 0.00301072 0.00301072 1 1 
1.4458 0.00301082 0.00301082 1 1 
1.42969 0.00301092 0.00301092 1 1 
1.41359 0.00301102 0.00301102 1 1 
1.39748 0.00301112 0.00301112 1 1 
1.38138 0.00301123 0.00301123 1 1 
1.36527 0.00301133 0.00301133 1 1 
1.34917 0.00301144 0.00301144 1 1 
1.33306 0.00301154 0.00301154 1 1 
1.31696 0.00301165 0.00301165 1 1 
1.30085 0.00301176 0.00301176 1 1 
1.28475 0.00301187 0.00301187 1 1 
1.26864 0.00301199 0.00301199 1 1 
1.25254 0.0030121 0.0030121 1 1 
1.23643 0.00301222 0.00301222 1 1 
1.22033 0.00301234 0.00301234 1 1 
1.20422 0.00301246 0.00301246 1 1 
1.18812 0.00301258 0.00301258 1 1 
1.17201 0.0030127 0.0030127 1 1 
1.15591 0.00301283 0.00301283 1 1 
1.1398 0.00301295 0.00301295 1 1 
1.1237 0.00301308 0.00301308 1 1 
1.10759 0.00301322 0.00301322 1 1 
1.09149 0.00301335 0.00301335 1 1 
1.07538 0.00301348 0.00301348 1 1 
1.05928 0.00301362 0.00301362 1 1 
1.04317 0.00301376 0.00301376 1 1 
1.02707 0.0030139 0.0030139 1 1 
1.01096 0.00301405 0.00301405 1 1 
1.00291 0.00301412 0.00301412 1 1 
0.994054 0.0030142 0.0030142 1 1 
0.985197 0.00301428 0.00301428 1 1 
0.976339 0.00301437 0.00301437 1 1 
0.967481 0.00301445 0.00301445 1 1 
0.958624 0.00301453 0.00301453 1 1 
0.949766 0.00301462 0.00301462 1 1 
0.940908 0.0030147 0.0030147 1 1 
0.932051 0.00301479 0.00301479 1 1 
0.923193 0.00301488 0.00301488 1 1 
0.914335 0.00301497 0.00301497 1 1 
0.905478 0.00301505 0.00301505 1 1 
0.89662 0.00301514 0.00301514 1 1 
0.887762 0.00301523 0.00301523 1 1 
0.878905 0.00301533 0.00301533 1 1 
0.870047 0.00301542 0.00301542 1 1 
0.861189 0.00301551 0.00301551 1 1 
0.852332 0.0030156 0.0030156 1 1 
0.843474 0.0030157 0.0030157 1 1 
0.834617 0.0030158 0.0030158 1 1 
0.825759 0.00301589 0.00301589 1 1 
0.816901 0.00301599 0.00301599 1 1 
0.808044 0.00301609 0.00301609 1 1 
0.799186 0.00301619 0.00301619 1 1 
0.794757 0.00301624 0.00301624 1 1 
0.789886 0.00301629 0.00301629 1 1 
0.784527 0.00301635 0.00301635 1 1 
0.779168 0.00301642 0.00301642 1 1 
0.773809 0.00301648 0.00301648 1 1 
0.76845 0.00301654 0.00301654 1 1 
0.763091 0.0030166 0.0030166 1 1 
0.757732 0.00301667 0.00301667 1 1 
0.752374 0.00301673 0.00301673 1 1 
0.747015 0.0030168 0.0030168 1 1 
0.741656 0.00301686 0.00301686 1 1 
0.736297 0.00301692 0.00301692 1 1 
0.730938 0.00301699 0.00301699 1 1 
0.725579 0.00301706 0.00301706 1 1 
0.720221 0.00301712 0.00301712 1 1 
0.714862 0.00301719 0.00301719 1 1 
0.709503 0.00301726 0.00301726 1 1 
0.704144 0.00301732 0.00301732 1 1 
0.698785 0.00301739 0.00301739 1 1 
0.693426 0.00301746 0.00301746 1 1 
0.688068 0.00301753 0.00301753 1 1 
0.682709 0.0030176 0.0030176 1 1 
0.67735 0.00301767 0.00301767 1 1 
0.671991 0.00301774 0.00301774 1 1 
0.666632 0.00301781 0.00301781 1 1 
0.661273 0.00301788 0.00301788 1 1 
0.655915 0.00301795 0.00301795 1 1 
0.650556 0.00301802 0.00301802 1 1 
0.645197 0.00301809 0.00301809 1 1 
0.639838 0.00301817 0.00301817 1 1 
0.634479 0.00301824 0.00301824 1 1 
0.629121 0.00301831 0.00301831 1 1 
0.626441 0.00301835 0.00301835 1 1 
0.623494 0.00301839 0.00301839 1 1 
0.620252 0.00301844 0.00301844 1 1 
0.61701 0.00301848 0.00301848 1 1 
0.613768 0.00301853 0.00301853 1 1 
0.610526 0.00301857 0.00301857 1 1 
0.607284 0.00301862 0.00301862 1 1 
0.604041 0.00301866 0.00301866 1 1 
0.600799 0.00301871 0.00301871 1 1 
0.597557 0.00301876 0.00301876 1 1 
0.594315 0.0030188 0.0030188 1 1 
0.591073 0.00301885 0.00301885 1 1 
0.587831 0.0030189 0.0030189 1 1 
0.584589 0.00301894 0.00301894 1 1 
0.581347 0.00301899 0.00301899 1 1 
0.578105 0.00301904 0.00301904 1 1 
0.574863 0.00301909 0.00301909 1 1 
0.571621 0.00301914 0.00301914 1 1 
0.568379 0.00301918 0.00301918 1 1 
0.565137 0.00301923 0.00301923 1 1 
0.561895 0.00301928 0.00301928 1 1 
0.558653 0.00301933 0.00301933 1 1 
0.555411 0.00301938 0.00301938 1 1 
0.552168 0.00301943 0.00301943 1 1 
0.548926 0.00301948 0.00301948 1 1 
0.545684 0.00301953 0.00301953 1 1 
0.542442 0.00301958 0.00301958 1 1 
0.5392 0.00301963 0.00301963 1 1 
0.535958 0.00301968 0.00301968 1 1 
0.532716 0.00301973 0.00301973 1 1 
0.529474 0.00301978 0.00301978 1 1 
0.526232 0.00301983 0.00301983 1 1 
0.52299 0.00301988 0.00301988 1 1 
0.519748 0.00301993 0.00301993 1 1 
0.516506 0.00301998 0.00301998 1 1 
0.513264 0.00302004 0.00302004 1 1 
0.510022 0.00302009 0.00302009 1 1 
0.50678 0.00302014 0.00302014 1 1 
0.503538 0.00302019 0.00302019 1 1 
0.500296 0.00302025 0.00302025 1 1 
0.497054 0.0030203 0.0030203 1 1 
0.493812 0.00302035 0.00302035 1 1 
0.49057 0.00302041 0.00302041 1 1 
0.487328 0.00302046 0.00302046 1 1 
0.484086 0.00302051 0.00302051 1 1 
0.480844 0.00302057 0.00302057 1 1 
0.477602 0.00302062 0.00302062 1 1 
0.47436 0.00302068 0.00302068 1 1 
0.472739 0.0030207 0.0030207 1 1 
0.470955 0.00302073 0.00302073 1 1 
0.468994 0.00302077 0.00302077 1 1 
0.467033 0.0030208 0.0030208 1 1 
0.465071 0.00302083 0.00302083 1 1 
0.46311 0.00302087 0.00302087 1 1 
0.461148 0.0030209 0.0030209 1 1 
0.459187 0.00302094 0.00302094 1 1 
0.457225 0.00302097 0.00302097 1 1 
0.455264 0.003021 0.003021 1 1 
0.453303 0.00302104 0.00302104 1 1 
0.451341 0.00302107 0.00302107 1 1 
0.44938 0.00302111 0.00302111 1 1 
0.447418 0.00302114 0.00302114 1 1 
0.445457 0.00302117 0.00302117 1 1 
0.443496 0.00302121 0.00302121 1 1 
0.441534 0.00302124 0.00302124 1 1 
0.439573 0.00302128 0.00302128 1 1 
0.437611 0.00302131 0.00302131 1 1 
0.43565 0.00302135 0.00302135 1 1 
0.433688 0.00302138 0.00302138 1 1 
0.431727 0.00302142 0.00302142 1 1 
0.429766 0.00302145 0.00302145 1 1 
0.427804 0.00302149 0.00302149 1 1 
0.425843 0.00302152 0.00302152 1 1 
0.423881 0.00302156 0.00302156 1 1 
0.42192 0.00302159 0.00302159 1 1 
0.419959 0.00302163 0.00302163 1 1 
0.417997 0.00302167 0.00302167 1 1 
0.416036 0.0030217 0.0030217 1 1 
0.414074 0.00302174 0.00302174 1 1 
0.412113 0.00302177 0.00302177 1 1 
0.410151 0.00302181 0.00302181 1 1 
0.40819 0.00302185 0.00302185 1 1 
0.406229 0.00302188 0.00302188 1 1 
0.404267 0.00302192 0.00302192 1 1 
0.402306 0.00302196 0.00302196 1 1 
0.400344 0.00302199 0.00302199 1 1 
0.398383 0.00302203 0.00302203 1 1 
0.396422 0.00302207 0.00302207 1 1 
0.39446 0.0030221 0.0030221 1 1 
0.392499 0.00302214 0.00302214 1 1 
0.390537 0.00302218 0.00302218 1 1 
0.388576 0.00302222 0.00302222 1 1 
0.386615 0.00302225 0.00302225 1 1 
0.384653 0.00302229 0.00302229 1 1 
0.382692 0.00302233 0.00302233 1 1 
0.38073 0.00302237 0.00302237 1 1 
0.378769 0.0030224 0.0030224 1 1 
0.376808 0.00302244 0.00302244 1 1 
0.374846 0.00302248 0.00302248 1 1 
0.372885 0.00302252 0.00302252 1 1 
0.370923 0.00302256 0.00302256 1 1 
0.368962 0.00302259 0.00302259 1 1 
0.367001 0.00302263 0.00302263 1 1 
0.365039 0.00302267 0.00302267 1 1 
0.363078 0.00302271 0.00302271 1 1 
0.361117 0.00302275 0.00302275 1 1 
0.359155 0.00302279 0.00302279 1 1 
0.357194 0.00302283 0.00302283 1 1 
0.355232 0.00302287 0.00302287 1 1 
0.353271 0.00302291 0.00302291 1 1 
0.35131 0.00302295 0.00302295 1 1 
0.349348 0.00302299 0.00302299 1 1 
0.347387 0.00302302 0.00302302 1 1 
0.345425 0.00302306 0.00302306 1 1 
0.343464 0.0030231 0.0030231 1 1 
0.341503 0.00302314 0.00302314 1 1 
0.339541 0.00302318 0.00302318 1 1 
0.33758 0.00302323 0.00302323 1 1 
0.336599 0.00302325 0.00302325 1 1 
0.33552 0.00302327 0.00302327 1 1 
0.334334 0.00302329 0.00302329 1 1 
0.333147 0.00302332 0.00302332 1 1 
0.331961 0.00302334 0.00302334 1 1 
0.330774 0.00302337 0.00302337 1 1 
0.329587 0.00302339 0.00302339 1 1 
0.328401 0.00302342 0.00302342 1 1 
0.327214 0.00302344 0.00302344 1 1 
0.326027 0.00302346 0.00302346 1 1 
0.324841 0.00302349 0.00302349 1 1 
0.323654 0.00302351 0.00302351 1 1 
0.322467 0.00302354 0.00302354 1 1 
0.321281 0.00302356 0.00302356 1 1 
0.320094 0.00302359 0.00302359 1 1 
0.318908 0.00302361 0.00302361 1 1 
0.317721 0.00302364 0.00302364 1 1 
0.316534 0.00302366 0.00302366 1 1 
0.315348 0.00302369 0.00302369 1 1 
0.314161 0.00302372 0.00302372 1 1 
0.312974 0.00302374 0.00302374 1 1 
0.311788 0.00302377 0.00302377 1 1 
0.310601 0.00302379 0.00302379 1 1 
0.309415 0.00302382 0.00302382 1 1 
0.308228 0.00302384 0.00302384 1 1 
0.307041 0.00302387 0.00302387 1 1 
0.305855 0.00302389 0.00302389 1 1 
0.304668 0.00302392 0.00302392 1 1 
0.303481 0.00302394 0.00302394 1 1 
0.302295 0.00302397 0.00302397 1 1 
0.301108 0.003024 0.003024 1 1 
0.299922 0.00302402 0.00302402 1 1 
0.298735 0.00302405 0.00302405 1 1 
0.297548 0.00302407 0.00302407 1 1 
0.296362 0.0030241 0.0030241 1 1 
0.295175 0.00302413 0.00302413 1 1 
0.293988 0.00302415 0.00302415 1 1 
0.292802 0.00302418 0.00302418 1 1 
0.291615 0.0030242 0.0030242 1 1 
0.290429 0.00302423 0.00302423 1 1 
0.289242 0.00302426 0.00302426 1 1 
0.288055 0.00302428 0.00302428 1 1 
0.286869 0.00302431 0.00302431 1 1 
0.285682 0.00302434 0.00302434 1 1 
0.284495 0.00302436 0.00302436 1 1 
0.283309 0.00302439 0.00302439 1 1 
0.282122 0.00302442 0.00302442 1 1 
0.280936 0.00302444 0.00302444 1 1 
0.279749 0.00302447 0.00302447 1 1 
0.278562 0.0030245 0.0030245 1 1 
0.277376 0.00302452 0.00302452 1 1 
0.276189 0.00302455 0.00302455 1 1 
0.275003 0.00302458 0.00302458 1 1 
0.273816 0.0030246 0.0030246 1 1 
0.272629 0.00302463 0.00302463 1 1 
0.271443 0.00302466 0.00302466 1 1 
0.270256 0.00302468 0.00302468 1 1 
0.269069 0.00302471 0.00302471 1 1 
0.267883 0.00302474 0.00302474 1 1 
0.266696 0.00302477 0.00302477 1 1 
0.26551 0.00302479 0.00302479 1 1 
0.264323 0.00302482 0.00302482 1 1 
0.263136 0.00302485 0.00302485 1 1 
0.26195 0.00302487 0.00302487 1 1 
0.260763 0.0030249 0.0030249 1 1 
0.259577 0.00302493 0.00302493 1 1 
0.25839 0.00302496 0.00302496 1 1 
0.257203 0.00302498 0.00302498 1 1 
0.256017 0.00302501 0.00302501 1 1 
0.25483 0.00302504 0.00302504 1 1 
0.253643 0.00302507 0.00302507 1 1 
0.252457 0.0030251 0.0030251 1 1 
0.25127 0.00302512 0.00302512 1 1 
0.250084 0.00302515 0.00302515 1 1 
0.248897 0.00302518 0.00302518 1 1 
0.24771 0.00302521 0.00302521 1 1 
0.246524 0.00302524 0.00302524 1 1 
0.245337 0.00302526 0.00302526 1 1 
0.244151 0.00302529 0.00302529 1 1 
0.242964 0.00302532 0.00302532 1 1 
0.241777 0.00302535 0.00302535 1 1 
0.240591 0.00302538 0.00302538 1 1 
0.239404 0.00302541 0.00302541 1 1 
0.238218 0.00302543 0.00302543 1 1 
0.237031 0.00302546 0.00302546 1 1 
0.235844 0.00302549 0.00302549 1 1 
0.234658 0.00302552 0.00302552 1 1 
0.233471 0.00302555 0.00302555 1 1 
0.232285 0.00302558 0.00302558 1 1 
0.231098 0.00302561 0.00302561 1 1 
0.229911 0.00302564 0.00302564 1 1 
0.228725 0.00302566 0.00302566 1 1 
0.227538 0.00302569 0.00302569 1 1 
0.226352 0.00302572 0.00302572 1 1 
0.225165 0.00302575 0.00302575 1 1 
0.223978 0.00302578 0.00302578 1 1 
0.222792 0.00302581 0.00302581 1 1 
0.221605 0.00302584 0.00302584 1 1 
0.220419 0.00302587 0.00302587 1 1 
0.219232 0.0030259 0.0030259 1 1 
0.218045 0.00302593 0.00302593 1 1 
0.216859 0.00302596 0.00302596 1 1 
0.215672 0.00302599 0.00302599 1 1 
0.214486 0.00302602 0.00302602 1 1 
0.213299 0.00302605 0.00302605 1 1 
0.212112 0.00302608 0.00302608 1 1 
0.210926 0.0030261 0.0030261 1 1 
0.209739 0.00302613 0.00302613 1 1 
0.209146 0.00302615 0.00302615 1 1 
0.208493 0.00302617 0.00302617 1 1 
0.207775 0.00302618 0.00302618 1 1 
0.207057 0.0030262 0.0030262 1 1 
0.20634 0.00302622 0.00302622 1 1 
0.205622 0.00302624 0.00302624 1 1 
0.204904 0.00302626 0.00302626 1 1 
0.204186 0.00302628 0.00302628 1 1 
0.203468 0.00302629 0.00302629 1 1 
0.20275 0.00302631 0.00302631 1 1 
0.202032 0.00302633 0.00302633 1 1 
0.201314 0.00302635 0.00302635 1 1 
0.200596 0.00302637 0.00302637 1 1 
0.199879 0.00302639 0.00302639 1 1 
0.199161 0.0030264 0.0030264 1 1 
0.198443 0.00302642 0.00302642 1 1 
0.197725 0.00302644 0.00302644 1 1 
0.197007 0.00302646 0.00302646 1 1 
0.196289 0.00302648 0.00302648 1 1 
0.195571 0.0030265 0.0030265 1 1 
0.194853 0.00302651 0.00302651 1 1 
0.194135 0.00302653 0.00302653 1 1 
0.193418 0.00302655 0.00302655 1 1 
0.1927 0.00302657 0.00302657 1 1 
0.191982 0.00302659 0.00302659 1 1 
0.191264 0.00302661 0.00302661 1 1 
0.190546 0.00302663 0.00302663 1 1 
0.189828 0.00302664 0.00302664 1 1 
0.18911 0.00302666 0.00302666 1 1 
0.188392 0.00302668 0.00302668 1 1 
0.187675 0.0030267 0.0030267 1 1 
0.186957 0.00302672 0.00302672 1 1 
0.186239 0.00302674 0.00302674 1 1 
0.185521 0.00302676 0.00302676 1 1 
0.184803 0.00302678 0.00302678 1 1 
0.184085 0.0030268 0.0030268 1 1 
0.183367 0.00302681 0.00302681 1 1 
0.182649 0.00302683 0.00302683 1 1 
0.181931 0.00302685 0.00302685 1 1 
0.181214 0.00302687 0.00302687 1 1 
0.180496 0.00302689 0.00302689 1 1 
0.179778 0.00302691 0.00302691 1 1 
0.17906 0.00302693 0.00302693 1 1 
0.178342 0.00302695 0.00302695 1 1 
0.177624 0.00302697 0.00302697 1 1 
0.176906 0.00302699 0.00302699 1 1 
0.176188 0.003027 0.003027 1 1 
0.175471 0.00302702 0.00302702 1 1 
0.174753 0.00302704 0.00302704 1 1 
0.174035 0.00302706 0.00302706 1 1 
0.173317 0.00302708 0.00302708 1 1 
0.172599 0.0030271 0.0030271 1 1 
0.171881 0.00302712 0.00302712 1 1 
0.171163 0.00302714 0.00302714 1 1 
0.170445 0.00302716 0.00302716 1 1 
0.169728 0.00302718 0.00302718 1 1 
0.16901 0.0030272 0.0030272 1 1 
0.168292 0.00302722 0.00302722 1 1 
0.167574 0.00302724 0.00302724 1 1 
0.166856 0.00302726 0.00302726 1 1 
0.166138 0.00302727 0.00302727 1 1 
0.16542 0.00302729 0.00302729 1 1 
0.164702 0.00302731 0.00302731 1 1 
0.163984 0.00302733 0.00302733 1 1 
0.163267 0.00302735 0.00302735 1 1 
0.162549 0.00302737 0.00302737 1 1 
0.161831 0.00302739 0.00302739 1 1 
0.161113 0.00302741 0.00302741 1 1 
0.160395 0.00302743 0.00302743 1 1 
0.159677 0.00302745 0.00302745 1 1 
0.158959 0.00302747 0.00302747 1 1 
0.158241 0.00302749 0.00302749 1 1 
0.157524 0.00302751 0.00302751 1 1 
0.156806 0.00302753 0.00302753 1 1 
0.156088 0.00302755 0.00302755 1 1 
0.15537 0.00302757 0.00302757 1 1 
0.154652 0.00302759 0.00302759 1 1 
0.153934 0.00302761 0.00302761 1 1 
0.153216 0.00302763 0.00302763 1 1 
0.152498 0.00302765 0.00302765 1 1 
0.151781 0.00302767 0.00302767 1 1 
0.151063 0.00302769 0.00302769 1 1 
0.150345 0.00302771 0.00302771 1 1 
0.149627 0.00302773 0.00302773 1 1 
0.148909 0.00302775 0.00302775 1 1 
0.148191 0.00302777 0.00302777 1 1 
0.147473 0.00302779 0.00302779 1 1 
0.146756 0.00302781 0.00302781 1 1 
0.146038 0.00302783 0.00302783 1 1 
0.14532 0.00302785 0.00302785 1 1 
0.144602 0.00302787 0.00302787 1 1 
0.143884 0.00302789 0.00302789 1 1 
0.143166 0.00302791 0.00302791 1 1 
0.142448 0.00302793 0.00302793 1 1 
0.14173 0.00302795 0.00302795 1 1 
0.141013 0.00302797 0.00302797 1 1 
0.140295 0.00302799 0.00302799 1 1 
0.139577 0.00302801 0.00302801 1 1 
0.138859 0.00302803 0.00302803 1 1 
0.138141 0.00302805 0.00302805 1 1 
0.137423 0.00302807 0.00302807 1 1 
0.136705 0.00302809 0.00302809 1 1 
0.135987 0.00302812 0.00302812 1 1 
0.13527 0.00302814 0.00302814 1 1 
0.134552 0.00302816 0.00302816 1 1 
0.133834 0.00302818 0.00302818 1 1 
0.133116 0.0030282 0.0030282 1 1 
0.132398 0.00302822 0.00302822 1 1 
0.13168 0.00302824 0.00302824 1 1 
0.130962 0.00302826 0.00302826 1 1 
0.130245 0.00302828 0.00302828 1 1 
0.129527 0.0030283 0.0030283 1 1 
0.128809 0.00302832 0.00302832 1 1 
0.128091 0.00302834 0.00302834 1 1 
0.127373 0.00302836 0.00302836 1 1 
0.126655 0.00302838 0.00302838 1 1 
0.125937 0.00302841 0.00302841 1 1 
0.125219 0.00302843 0.00302843 1 1 
0.124502 0.00302845 0.00302845 1 1 
0.123784 0.00302847 0.00302847 1 1 
0.123066 0.00302849 0.00302849 1 1 
0.122348 0.00302851 0.00302851 1 1 
0.12163 0.00302853 0.00302853 1 1 
0.120912 0.00302855 0.00302855 1 1 
0.120194 0.00302857 0.00302857 1 1 
0.119477 0.00302859 0.00302859 1 1 
0.118759 0.00302862 0.00302862 1 1 
0.118041 0.00302864 0.00302864 1 1 
0.117323 0.00302866 0.00302866 1 1 
0.116605 0.00302868 0.00302868 1 1 
0.115887 0.0030287 0.0030287 1 1 
0.115169 0.00302872 0.00302872 1 1 
0.114452 0.00302874 0.00302874 1 1 
0.113734 0.00302876 0.00302876 1 1 
0.113016 0.00302879 0.00302879 1 1 
0.112298 0.00302881 0.00302881 1 1 
0.11158 0.00302883 0.00302883 1 1 
0.110862 0.00302885 0.00302885 1 1 
0.110144 0.00302887 0.00302887 1 1 
0.109427 0.00302889 0.00302889 1 1 
0.108709 0.00302892 0.00302892 1 1 
0.107991 0.00302894 0.00302894 1 1 
0.107273 0.00302896 0.00302896 1 1 
0.106555 0.00302898 0.00302898 1 1 
0.105837 0.003029 0.003029 1 1 
0.105119 0.00302902 0.00302902 1 1 
0.104402 0.00302905 0.00302905 1 1 
0.103684 0.00302907 0.00302907 1 1 
0.102966 0.00302909 0.00302909 1 1 
0.102248 0.00302911 0.00302911 1 1 
0.10153 0.00302913 0.00302913 1 1 
0.100812 0.00302915 0.00302915 1 1 
0.100094 0.00302918 0.00302918 1 1 
0.0993766 0.0030292 0.0030292 1 1 
0.0986587 0.00302922 0.00302922 1 1 
0.0979408 0.00302924 0.00302924 1 1 
0.097223 0.00302926 0.00302926 1 1 
0.0965051 0.00302929 0.00302929 1 1 
0.0957873 0.00302931 0.00302931 1 1 
0.0950694 0.00302933 0.00302933 1 1 
0.0947105 0.00302934 0.00302934 1 1 
0.0943157 0.00302935 0.00302935 1 1 
0.0938814 0.00302937 0.00302937 1 1 
0.0934471 0.00302938 0.00302938 1 1 
0.0930128 0.00302939 0.00302939 1 1 
0.0925785 0.00302941 0.00302941 1 1 
0.0921442 0.00302942 0.00302942 1 1 
0.0917099 0.00302943 0.00302943 1 1 
0.0912756 0.00302945 0.00302945 1 1 
0.0908413 0.00302946 0.00302946 1 1 
0.090407 0.00302947 0.00302947 1 1 
0.0899727 0.00302949 0.00302949 1 1 
0.0895384 0.0030295 0.0030295 1 1 
0.0891041 0.00302952 0.00302952 1 1 
0.0886698 0.00302953 0.00302953 1 1 
0.0882355 0.00302954 0.00302954 1 1 
0.0878012 0.00302956 0.00302956 1 1 
0.0873669 0.00302957 0.00302957 1 1 
0.0869326 0.00302958 0.00302958 1 1 
0.0864983 0.0030296 0.0030296 1 1 
0.086064 0.00302961 0.00302961 1 1 
0.0856297 0.00302962 0.00302962 1 1 
0.0851954 0.00302964 0.00302964 1 1 
0.0847611 0.00302965 0.00302965 1 1 
0.0843268 0.00302966 0.00302966 1 1 
0.0838925 0.00302968 0.00302968 1 1 
0.0834582 0.00302969 0.00302969 1 1 
0.0830239 0.00302971 0.00302971 1 1 
0.0825896 0.00302972 0.00302972 1 1 
0.0821553 0.00302973 0.00302973 1 1 
0.081721 0.00302975 0.00302975 1 1 
0.0812867 0.00302976 0.00302976 1 1 
0.0808524 0.00302977 0.00302977 1 1 
0.0804181 0.00302979 0.00302979 1 1 
0.0799838 0.0030298 0.0030298 1 1 
0.0795495 0.00302982 0.00302982 1 1 
0.0791152 0.00302983 0.00302983 1 1 
0.0786809 0.00302984 0.00302984 1 1 
0.0782466 0.00302986 0.00302986 1 1 
0.0778124 0.00302987 0.00302987 1 1 
0.0773781 0.00302988 0.00302988 1 1 
0.0769438 0.0030299 0.0030299 1 1 
0.0765095 0.00302991 0.00302991 1 1 
0.0760752 0.00302993 0.00302993 1 1 
0.0756409 0.00302994 0.00302994 1 1 
0.0752066 0.00302995 0.00302995 1 1 
0.0747723 0.00302997 0.00302997 1 1 
0.074338 0.00302998 0.00302998 1 1 
0.0739037 0.00303 0.00303 1 1 
0.0734694 0.00303001 0.00303001 1 1 
0.0730351 0.00303002 0.00303002 1 1 
0.0726008 0.00303004 0.00303004 1 1 
0.0721665 0.00303005 0.00303005 1 1 
0.0717322 0.00303007 0.00303007 1 1 
0.0712979 0.00303008 0.00303008 1 1 
0.0708636 0.00303009 0.00303009 1 1 
0.0704293 0.00303011 0.00303011 1 1 
0.069995 0.00303012 0.00303012 1 1 
0.0695607 0.00303014 0.00303014 1 1 
0.0691265 0.00303015 0.00303015 1 1 
0.0686922 0.00303016 0.00303016 1 1 
0.0682579 0.00303018 0.00303018 1 1 
0.0678236 0.00303019 0.00303019 1 1 
0.0673893 0.00303021 0.00303021 1 1 
0.066955 0.00303022 0.00303022 1 1 
0.0665207 0.00303023 0.00303023 1 1 
0.0660864 0.00303025 0.00303025 1 1 
0.0656521 0.00303026 0.00303026 1 1 
0.0652178 0.00303028 0.00303028 1 1 
0.0647835 0.00303029 0.00303029 1 1 
0.0643492 0.0030303 0.0030303 1 1 
0.0639149 0.00303032 0.00303032 1 1 
0.0634806 0.00303033 0.00303033 1 1 
0.0630464 0.00303035 0.00303035 1 1 
0.0626121 0.00303036 0.00303036 1 1 
0.0621778 0.00303038 0.00303038 1 1 
0.0617435 0.00303039 0.00303039 1 1 
0.0613092 0.0030304 0.0030304 1 1 
0.0608749 0.00303042 0.00303042 1 1 
0.0604406 0.00303043 0.00303043 1 1 
0.0600063 0.00303045 0.00303045 1 1 
0.059572 0.00303046 0.00303046 1 1 
0.0591377 0.00303048 0.00303048 1 1 
0.0587034 0.00303049 0.00303049 1 1 
0.0582691 0.0030305 0.0030305 1 1 
0.0578349 0.00303052 0.00303052 1 1 
0.0574006 0.00303053 0.00303053 1 1 
0.0569663 0.00303055 0.00303055 1 1 
0.056532 0.00303056 0.00303056 1 1 
0.0560977 0.00303058 0.00303058 1 1 
0.0556634 0.00303059 0.00303059 1 1 
0.0552291 0.00303061 0.00303061 1 1 
0.0547948 0.00303062 0.00303062 1 1 
0.0543605 0.00303063 0.00303063 1 1 
0.0539262 0.00303065 0.00303065 1 1 
0.053492 0.00303066 0.00303066 1 1 
0.0530577 0.00303068 0.00303068 1 1 
0.0526234 0.00303069 0.00303069 1 1 
0.0521891 0.00303071 0.00303071 1 1 
0.0517548 0.00303072 0.00303072 1 1 
0.0513205 0.00303074 0.00303074 1 1 
0.0508862 0.00303075 0.00303075 1 1 
0.0504519 0.00303076 0.00303076 1 1 
0.0500176 0.00303078 0.00303078 1 1 
0.0495834 0.00303079 0.00303079 1 1 
0.0491491 0.00303081 0.00303081 1 1 
0.0487148 0.00303082 0.00303082 1 1 
0.0482805 0.00303084 0.00303084 1 1 
0.0478462 0.00303085 0.00303085 1 1 
0.0474119 0.00303087 0.00303087 1 1 
0.0469776 0.00303088 0.00303088 1 1 
0.0465433 0.0030309 0.0030309 1 1 
0.0461091 0.00303091 0.00303091 1 1 
0.0456748 0.00303093 0.00303093 1 1 
0.0452405 0.00303094 0.00303094 1 1 
0.0448062 0.00303096 0.00303096 1 1 
0.0443719 0.00303097 0.00303097 1 1 
0.0439376 0.00303098 0.00303098 1 1 
0.0435033 0.003031 0.003031 1 1 
0.0430691 0.00303101 0.00303101 1 1 
0.0426348 0.00303103 0.00303103 1 1 
0.0422005 0.00303104 0.00303104 1 1 
0.0417662 0.00303106 0.00303106 1 1 
0.0413319 0.00303107 0.00303107 1 1 
0.0408976 0.00303109 0.00303109 1 1 
0.0404633 0.0030311 0.0030311 1 1 
0.0400291 0.00303112 0.00303112 1 1 
0.0395948 0.00303113 0.00303113 1 1 
0.0391605 0.00303115 0.00303115 1 1 
0.0387262 0.00303116 0.00303116 1 1 
0.0382919 0.00303118 0.00303118 1 1 
0.0378576 0.00303119 0.00303119 1 1 
0.0374233 0.00303121 0.00303121 1 1 
0.0369891 0.00303122 0.00303122 1 1 
0.0365548 0.00303124 0.00303124 1 1 
0.0361205 0.00303125 0.00303125 1 1 
0.0356862 0.00303127 0.00303127 1 1 
0.0352519 0.00303128 0.00303128 1 1 
0.0348176 0.0030313 0.0030313 1 1 
0.0343834 0.00303131 0.00303131 1 1 
0.0339491 0.00303133 0.00303133 1 1 
0.0335148 0.00303134 0.00303134 1 1 
0.0330805 0.00303136 0.00303136 1 1 
0.0326462 0.00303137 0.00303137 1 1 
0.0322119 0.00303139 0.00303139 1 1 
0.0317777 0.0030314 0.0030314 1 1 
0.0313434 0.00303142 0.00303142 1 1 
0.0309091 0.00303143 0.00303143 1 1 
0.0304748 0.00303145 0.00303145 1 1 
0.0300405 0.00303146 0.00303146 1 1 
0.0296063 0.00303148 0.00303148 1 1 
0.029172 0.00303149 0.00303149 1 1 
0.0287377 0.00303151 0.00303151 1 1 
0.0283034 0.00303152 0.00303152 1 1 
0.0278691 0.00303154 0.00303154 1 1 
0.0274348 0.00303155 0.00303155 1 1 
0.0270006 0.00303157 0.00303157 1 1 
0.0265663 0.00303158 0.00303158 1 1 
0.026132 0.0030316 0.0030316 1 1 
0.0256977 0.00303162 0.00303162 1 1 
0.0252634 0.00303163 0.00303163 1 1 
0.0248292 0.00303165 0.00303165 1 1 
0.0243949 0.00303166 0.00303166 1 1 
0.0239606 0.00303168 0.00303168 1 1 
0.0235263 0.00303169 0.00303169 1 1 
0.023092 0.00303171 0.00303171 1 1 
0.0226578 0.00303172 0.00303172 1 1 
0.0222235 0.00303174 0.00303174 1 1 
0.0217892 0.00303175 0.00303175 1 1 
0.0213549 0.00303177 0.00303177 1 1 
0.0209207 0.00303178 0.00303178 1 1 
0.0204864 0.0030318 0.0030318 1 1 
0.0200521 0.00303182 0.00303182 1 1 
0.0196178 0.00303183 0.00303183 1 1 
0.0191835 0.00303185 0.00303185 1 1 
0.0187493 0.00303186 0.00303186 1 1 
0.018315 0.00303188 0.00303188 1 1 
0.0178807 0.00303189 0.00303189 1 1 
0.0174464 0.00303191 0.00303191 1 1 
0.0170122 0.00303192 0.00303192 1 1 
0.0165779 0.00303194 0.00303194 1 1 
0.0161436 0.00303195 0.00303195 1 1 
0.0157093 0.00303197 0.00303197 1 1 
0.015275 0.00303199 0.00303199 1 1 
0.0148408 0.003032 0.003032 1 1 
0.0144065 0.00303202 0.00303202 1 1 
0.0139722 0.00303203 0.00303203 1 1 
0.0135379 0.00303205 0.00303205 1 1 
0.0131037 0.00303206 0.00303206 1 1 
0.0126694 0.00303208 0.00303208 1 1 
0.0122351 0.0030321 0.0030321 1 1 
0.0118008 0.00303211 0.00303211 1 1 
0.0113666 0.00303213 0.00303213 1 1 
0.0109323 0.00303214 0.00303214 1 1 
0.010498 0.00303216 0.00303216 1 1 
0.0100637 0.00303217 0.00303217 1 1 
0.00962946 0.00303219 0.00303219 1 1 
0.00919519 0.00303221 0.00303221 1 1 
0.00876092 0.00303222 0.00303222 1 1 
0.00832664 0.00303224 0.00303224 1 1 
0.00789237 0.00303225 0.00303225 1 1 
0.00745809 0.00303227 0.00303227 1 1 
0.00702382 0.00303228 0.00303228 1 1 
0.00658955 0.0030323 0.0030323 1 1 
0.00615527 0.00303232 0.00303232 1 1 
0.005721 0.00303233 0.00303233 1 1 
0.00528673 0.00303235 0.00303235 1 1 
0.00485245 0.00303236 0.00303236 1 1 
0.00441818 0.00303238 0.00303238 1 1 
0.00398391 0.0030324 0.0030324 1 1 
0.00354964 0.00303241 0.00303241 1 1 
0.00311537 0.00303243 0.00303243 1 1 
0.00268109 0.00303244 0.00303244 1 1 
0.00224682 0.00303246 0.00303246 1 1 
0.00181255 0.00303248 0.00303248 1 1 
0.00137828 0.00303249 0.00303249 1 1 
0.000944008 0.00303251 0.00303251 1 1 
0.000509737 0.00303252 0.00303252 1 1 
7.54657e-05 0.00303254 0.00303254 1 1 
-0.000358805 0.00303256 0.00303256 1 1 
